symbol,end_date,amend,period_focus,fiscal_year,doc_type,revenues,op_income,net_income,eps_basic,eps_diluted,dividend,assets,cur_assets,cur_liab,cash,equity,cash_flow_op,cash_flow_inv,cash_flow_fin
ABC,2009-06-30,False,Q3,2009,10-Q,18393899000.0,212987000.0,118807000.0,0.4,0.4,0.05,12735751000.0,9138380000.0,8586974000.0,912924000.0,2784318000.0,430459000.0,-101813000.0,-293836000.0
ABC,2009-09-30,False,FY,2009,10-K,71759990000.0,883749000.0,503397000.0,1.67,1.66,0.21,13572740000.0,9953753000.0,9479610000.0,1009368000.0,2716469000.0,783763000.0,-148349000.0,-504160000.0
ABC,2009-12-31,False,Q1,2010,10-Q,19335859000.0,262382000.0,151307000.0,0.53,0.52,0.08,13556271000.0,9916131000.0,9243448000.0,979567000.0,2740861000.0,-41689000.0,-42447000.0,54335000.0
ABC,2010-03-31,False,Q2,2010,10-Q,19300627000.0,311227000.0,181008000.0,0.64,0.63,0.08,13822288000.0,10167030000.0,9426398000.0,1199872000.0,2831922000.0,346393000.0,-87903000.0,-67986000.0
ABC,2010-06-30,False,Q3,2010,10-Q,19602120000.0,281854000.0,163205000.0,0.58,0.57,0.08,14003785000.0,10338003000.0,9486687000.0,1310716000.0,2931191000.0,559391000.0,-132159000.0,-125884000.0
ABC,2010-09-30,False,FY,2010,10-K,77953979000.0,1103635000.0,636748000.0,2.26,2.22,0.32,14434843000.0,10748350000.0,9906344000.0,1658182000.0,2954297000.0,1108624000.0,-184371000.0,-275439000.0
ABC,2010-12-31,False,Q1,2011,10-Q,19888609000.0,276766000.0,160500000.0,0.58,0.57,0.1,14132319000.0,10428173000.0,9640905000.0,1400895000.0,2962006000.0,-99200000.0,-50091000.0,-107996000.0
ABC,2011-03-31,False,Q2,2011,10-Q,19760257000.0,365249000.0,214381000.0,0.78,0.77,0.1,14681016000.0,10956246000.0,9950172000.0,1912436000.0,3133030000.0,577204000.0,-93773000.0,-229177000.0
ABC,2011-06-30,False,Q3,2011,10-Q,20161022000.0,317159000.0,184419000.0,0.67,0.66,0.115,14855729000.0,11121305000.0,10007785000.0,2000453000.0,3203080000.0,807845000.0,-126597000.0,-338977000.0
ABC,2011-09-30,False,FY,2011,10-K,80217558000.0,1202745000.0,706624000.0,2.59,2.54,0.43,14982671000.0,11217623000.0,10855120000.0,1825990000.0,2866858000.0,1167948000.0,-212418000.0,-787722000.0
ABC,2011-12-31,False,Q1,2012,10-Q,20360645000.0,284914000.0,162116000.0,0.63,0.62,0.13,15978266000.0,11955780000.0,11301377000.0,2370335000.0,2904599000.0,431703000.0,-298639000.0,411281000.0
ABC,2012-03-31,False,Q2,2012,10-Q,20071271000.0,368101000.0,212105000.0,0.82,0.81,0.13,15645036000.0,11603641000.0,10915000000.0,2327094000.0,2946475000.0,668124000.0,-345856000.0,178836000.0
ABC,2012-06-30,False,Q3,2012,10-Q,19769384000.0,313695000.0,181271000.0,0.72,0.71,0.13,15747592000.0,11170422000.0,10951363000.0,1655748000.0,2929715000.0,760055000.0,-906325000.0,-23972000.0
ABC,2012-09-30,False,FY,2012,10-K,79489596000.0,1252728000.0,718986000.0,2.84,2.8,0.52,15444126000.0,10987151000.0,11214482000.0,1066608000.0,2456712000.0,1305449000.0,-947949000.0,-1116882000.0
ABC,2012-12-31,False,Q1,2013,10-Q,21466314000.0,287259000.0,168611000.0,0.73,0.71,0.21,15495532000.0,11022199000.0,11435737000.0,417404000.0,2337235000.0,-241707000.0,-61379000.0,-346118000.0
ABC,2013-03-31,False,Q2,2013,10-Q,20523668000.0,350123000.0,45634000.0,0.2,0.19,0.21,16111431000.0,11724784000.0,12042651000.0,1347297000.0,2346280000.0,743655000.0,-97939000.0,-365027000.0
ABC,2013-06-30,False,Q3,2013,10-Q,21906648000.0,134646000.0,168439000.0,0.73,0.71,0.21,16579332000.0,12139073000.0,12441648000.0,1567585000.0,2418194000.0,819064000.0,182554000.0,-500641000.0
ABC,2013-09-30,False,FY,2013,10-K,87959167000.0,898399000.0,433707000.0,1.88,1.84,0.84,18918638000.0,14393651000.0,14870635000.0,1231006000.0,2319745000.0,788125000.0,117260000.0,-740987000.0
ABC,2013-12-31,False,Q1,2014,10-Q,29176362000.0,159616000.0,41385000.0,0.18,0.17,0.235,19796095000.0,15228345000.0,15828898000.0,347465000.0,2247802000.0,-1003643000.0,-68203000.0,188305000.0
ABC,2014-03-31,False,Q2,2014,10-Q,28455903000.0,301128000.0,180077000.0,0.78,0.76,0.235,20361247000.0,15760027000.0,16499931000.0,696730000.0,2145515000.0,112653000.0,-128135000.0,-518794000.0
ABC,2014-06-30,False,Q3,2014,10-Q,30348154000.0,110877000.0,-12780000.0,-0.06,-0.06,0.235,20630606000.0,15891386000.0,16339359000.0,1261864000.0,1986355000.0,632495000.0,-319201000.0,-282436000.0
ABC,2014-09-30,False,FY,2014,10-K,119569127000.0,778884000.0,276484000.0,1.22,1.17,0.94,21532183000.0,16800205000.0,17250160000.0,1808513000.0,1956899000.0,1463153000.0,-384155000.0,-501491000.0
ABC,2014-12-31,False,Q1,2015,10-Q,33588602000.0,-88397000.0,-199947000.0,-0.91,-0.91,0.29,24904916000.0,20144710000.0,20805033000.0,2298756000.0,1768346000.0,896964000.0,-77156000.0,-329565000.0
ABC,2015-03-31,False,Q2,2015,10-Q,32669267000.0,-364249000.0,-513390000.0,-2.33,-2.33,0.29,27005530000.0,19556823000.0,20225906000.0,2336979000.0,1916255000.0,1638684000.0,-2689453000.0,1579235000.0
ABC,2015-06-30,False,Q3,2015,10-Q,34233556000.0,332565000.0,214163000.0,0.98,0.89,0.29,27333504000.0,19902034000.0,21117291000.0,2555183000.0,1575624000.0,2760265000.0,-2744639000.0,731044000.0
ABC,2015-09-30,False,FY,2015,10-K,135961803000.0,417370000.0,-134887000.0,-0.62,-0.62,1.16,27736157000.0,20334488000.0,22700765000.0,2167442000.0,633520000.0,3920379000.0,-2931165000.0,-630285000.0
ABC,2015-12-31,False,Q1,2016,10-Q,36709046000.0,-179831000.0,330377000.0,1.6,1.46,0.34,30755802000.0,20361675000.0,24024341000.0,978090000.0,1300019000.0,750848000.0,-2772487000.0,832287000.0
ABC,2016-03-31,False,Q2,2016,10-Q,35698357000.0,948712000.0,604135000.0,2.91,2.68,0.34,32495355000.0,22070068000.0,23770910000.0,2525287000.0,2191162000.0,1630586000.0,-2874553000.0,1601812000.0
ABC,2016-06-30,False,Q3,2016,10-Q,36881680000.0,526614000.0,349803000.0,1.62,1.56,0.34,31914243000.0,21457255000.0,23997255000.0,1865202000.0,1879317000.0,1821958000.0,-3021061000.0,896863000.0
ABC,2016-09-30,False,FY,2016,10-K,146849686000.0,1525774000.0,1427929000.0,6.73,6.32,1.36,33656200000.0,22851847000.0,25281308000.0,2741832000.0,2129404000.0,3178497000.0,-3169179000.0,565072000.0
ABC,2016-12-31,False,Q1,2017,10-Q,38169265000.0,399987000.0,247246000.0,1.13,1.11,0.365,33919272000.0,23078756000.0,25542758000.0,1791134000.0,2116557000.0,-430355000.0,-156857000.0,-363486000.0
ABC,2017-03-31,False,Q2,2017,10-Q,37147402000.0,624981000.0,411473000.0,1.89,1.86,0.365,34397013000.0,23493921000.0,25531426000.0,2404433000.0,2529292000.0,368384000.0,-269474000.0,-436309000.0
ABC,2017-06-30,False,Q3,2017,10-Q,38707144000.0,170376000.0,50352000.0,0.23,0.23,0.365,34654010000.0,23677224000.0,25751076000.0,1311467000.0,2553514000.0,123684000.0,-406566000.0,-1147483000.0
ABC,2017-09-30,False,FY,2017,10-K,153143826000.0,1060342000.0,364484000.0,1.67,1.64,1.46,35316470000.0,24303299000.0,26818165000.0,2435115000.0,2064461000.0,1504138000.0,-498041000.0,-1312814000.0
