symbol,end_date,amend,period_focus,fiscal_year,doc_type,revenues,op_income,net_income,eps_basic,eps_diluted,dividend,assets,cur_assets,cur_liab,cash,equity,cash_flow_op,cash_flow_inv,cash_flow_fin
AES,2009-06-30,False,Q2,2009,10-Q,3495000000.0,,303000000.0,0.45,0.45,0.0,37418000000.0,8022000000.0,5397000000.0,1735000000.0,8231000000.0,871000000.0,-384000000.0,331000000.0
AES,2009-09-30,False,Q3,2009,10-Q,3838000000.0,,185000000.0,0.28,0.28,0.0,39261000000.0,8728000000.0,6238000000.0,2020000000.0,8565000000.0,1899000000.0,-1044000000.0,243000000.0
AES,2009-12-31,False,FY,2009,10-K,14119000000.0,,658000000.0,0.99,0.98,0.0,39535000000.0,8787000000.0,6621000000.0,1809000000.0,8880000000.0,2213000000.0,-1917000000.0,610000000.0
AES,2010-03-31,False,Q1,2010,10-Q,4112000000.0,,187000000.0,0.27,0.27,0.0,41882000000.0,10460000000.0,6894000000.0,3392000000.0,10536000000.0,684000000.0,-595000000.0,1515000000.0
AES,2010-06-30,False,Q2,2010,10-Q,4021000000.0,,144000000.0,0.18,0.18,0.0,40701000000.0,9564000000.0,6364000000.0,2891000000.0,10654000000.0,1416000000.0,-955000000.0,692000000.0
AES,2010-09-30,False,Q3,2010,10-Q,4151000000.0,,114000000.0,0.14,0.14,0.0,41780000000.0,9768000000.0,7029000000.0,2848000000.0,10783000000.0,2412000000.0,-1347000000.0,22000000.0
AES,2010-12-31,False,FY,2010,10-K,1361000000.0,,9000000.0,0.01,0.01,0.0,40511000000.0,9446000000.0,8065000000.0,2554000000.0,10413000000.0,3510000000.0,-2040000000.0,-706000000.0
AES,2011-03-31,False,Q1,2011,10-Q,4264000000.0,,224000000.0,0.28,0.28,0.0,40500000000.0,8746000000.0,7551000000.0,2008000000.0,11042000000.0,505000000.0,-601000000.0,-463000000.0
AES,2011-06-30,False,Q2,2011,10-Q,4544000000.0,,174000000.0,0.22,0.22,0.0,42635000000.0,10173000000.0,7193000000.0,3624000000.0,10837000000.0,1180000000.0,-757000000.0,620000000.0
AES,2011-09-30,False,Q3,2011,10-Q,4381000000.0,,-131000000.0,-0.17,-0.17,0.0,40883000000.0,10067000000.0,7241000000.0,3392000000.0,9857000000.0,2308000000.0,-1734000000.0,347000000.0
AES,2011-12-31,False,FY,2011,10-K,17274000000.0,,58000000.0,0.07,0.07,0.0,45333000000.0,9228000000.0,8446000000.0,1710000000.0,9729000000.0,2884000000.0,-4906000000.0,1412000000.0
AES,2012-03-31,False,Q3,2012,10-Q,4740000000.0,,341000000.0,0.45,0.44,0.0,45431000000.0,9559000000.0,7978000000.0,1688000000.0,10471000000.0,534000000.0,-725000000.0,37000000.0
AES,2012-06-30,False,Q3,2012,10-Q,4192000000.0,,140000000.0,0.18,0.18,0.0,42749000000.0,8317000000.0,7039000000.0,1727000000.0,9501000000.0,1114000000.0,-352000000.0,-862000000.0
AES,2012-09-30,False,Q3,2012,10-Q,4587000000.0,,-1568000000.0,-2.1,-2.1,0.04,41356000000.0,8684000000.0,7526000000.0,1943000000.0,7836000000.0,2129000000.0,-676000000.0,-1343000000.0
AES,2012-12-31,False,FY,2012,10-K,18141000000.0,,-912000000.0,-1.21,-1.21,0.08,41830000000.0,8465000000.0,8319000000.0,1970000000.0,7514000000.0,2901000000.0,-1023000000.0,-1739000000.0
AES,2013-03-31,False,Q3,2013,10-Q,4265000000.0,,82000000.0,0.11,0.11,0.04,42718000000.0,9258000000.0,9286000000.0,2301000000.0,7741000000.0,618000000.0,-726000000.0,455000000.0
AES,2013-06-30,False,Q2,2013,10-Q,4068000000.0,,167000000.0,0.22,0.22,0.08,40836000000.0,7810000000.0,8273000000.0,1611000000.0,7807000000.0,1185000000.0,-706000000.0,-799000000.0
AES,2013-09-30,False,Q3,2013,10-Q,4003000000.0,,71000000.0,0.09,0.09,0.0,41250000000.0,8251000000.0,8009000000.0,2031000000.0,7966000000.0,2040000000.0,-1267000000.0,-635000000.0
AES,2013-12-31,False,FY,2013,10-K,15891000000.0,,114000000.0,0.15,0.15,0.17,40411000000.0,7739000000.0,7653000000.0,1642000000.0,7651000000.0,2715000000.0,-1774000000.0,-1136000000.0
AES,2014-03-31,False,Q1,2014,10-Q,4262000000.0,,-58000000.0,-0.08,-0.08,0.0,40973000000.0,7989000000.0,7840000000.0,1413000000.0,7641000000.0,221000000.0,-326000000.0,-132000000.0
AES,2014-06-30,False,Q2,2014,10-Q,8622000000.0,,133000000.0,0.18,0.18,0.05,39433000000.0,7407000000.0,6667000000.0,1515000000.0,7508000000.0,453000000.0,-391000000.0,-250000000.0
AES,2014-09-30,False,Q3,2014,10-Q,8882000000.0,,488000000.0,0.68,0.67,0.05,38983000000.0,7887000000.0,7073000000.0,1670000000.0,7566000000.0,1216000000.0,-364000000.0,-844000000.0
AES,2014-12-31,False,FY,2014,10-K,17146000000.0,,769000000.0,1.07,1.06,0.25,38966000000.0,7826000000.0,6997000000.0,1539000000.0,7325000000.0,1791000000.0,-656000000.0,-1262000000.0
AES,2015-03-31,False,Q1,2015,10-Q,7968000000.0,,142000000.0,0.2,0.2,0.0,37997000000.0,7642000000.0,6582000000.0,1337000000.0,7035000000.0,437000000.0,-720000000.0,113000000.0
AES,2015-06-30,False,Q2,2015,10-Q,7716000000.0,,69000000.0,0.1,0.1,0.1,38584000000.0,7515000000.0,6563000000.0,1022000000.0,7084000000.0,590000000.0,-1070000000.0,-11000000.0
AES,2015-09-30,False,Q3,2015,10-Q,7442000000.0,,180000000.0,0.27,0.26,0.1,37000000000.0,7220000000.0,6534000000.0,1437000000.0,6461000000.0,1505000000.0,-1639000000.0,86000000.0
AES,2015-12-31,False,FY,2015,10-K,14963000000.0,,306000000.0,0.45,0.44,0.41,36850000000.0,6866000000.0,6950000000.0,1262000000.0,6171000000.0,2134000000.0,-2366000000.0,28000000.0
AES,2016-03-31,False,Q1,2016,10-Q,3477000000.0,,126000000.0,0.19,0.19,0.11,36900000000.0,6947000000.0,6572000000.0,1185000000.0,6184000000.0,640000000.0,-548000000.0,-180000000.0
AES,2016-06-30,False,Q2,2016,10-Q,3235000000.0,,-482000000.0,-0.73,-0.73,0.0,36974000000.0,7381000000.0,6216000000.0,1265000000.0,5673000000.0,1363000000.0,-1326000000.0,-43000000.0
AES,2016-09-30,False,Q3,2016,10-Q,3549000000.0,,175000000.0,0.26,0.26,0.11,37108000000.0,7294000000.0,5713000000.0,1325000000.0,5768000000.0,2182000000.0,-1869000000.0,-258000000.0
AES,2016-12-31,False,FY,2016,10-K,13586000000.0,,-1130000000.0,-1.72,-1.71,0.45,36119000000.0,6411000000.0,5272000000.0,1305000000.0,5700000000.0,2884000000.0,-2108000000.0,-747000000.0
AES,2017-03-31,False,Q1,2017,10-Q,3494000000.0,,-24000000.0,-0.04,-0.04,0.12,36508000000.0,6401000000.0,5243000000.0,1588000000.0,6129000000.0,703000000.0,-340000000.0,-79000000.0
AES,2017-06-30,False,Q2,2017,10-Q,3475000000.0,,53000000.0,0.08,0.08,0.0,36469000000.0,6318000000.0,6411000000.0,1213000000.0,6074000000.0,954000000.0,-1108000000.0,64000000.0
AES,2017-09-30,False,Q3,2017,10-Q,3645000000.0,,152000000.0,0.23,0.23,0.12,38834000000.0,6660000000.0,6736000000.0,1398000000.0,6179000000.0,1689000000.0,-2282000000.0,678000000.0
