symbol,end_date,amend,period_focus,fiscal_year,doc_type,revenues,op_income,net_income,eps_basic,eps_diluted,dividend,assets,cur_assets,cur_liab,cash,equity,cash_flow_op,cash_flow_inv,cash_flow_fin
AET,2009-06-30,False,Q2,2009,10-Q,8670800000.0,,346600000.0,0.78,0.77,0.0,36762600000.0,6917700000.0,7934200000.0,1207500000.0,8877200000.0,926700000.0,-382900000.0,-515800000.0
AET,2009-09-30,False,Q3,2009,10-Q,8722400000.0,,326200000.0,0.75,0.73,0.0,38135000000.0,7100400000.0,8425200000.0,1830100000.0,9540000000.0,1855800000.0,-485000000.0,-720200000.0
AET,2009-12-31,False,FY,2009,10-K,34764100000.0,,1276500000.0,2.89,2.84,0.0,38550400000.0,6826900000.0,8464200000.0,1203600000.0,9503800000.0,2488300000.0,-1999700000.0,-464500000.0
AET,2010-03-31,False,Q1,2010,10-Q,8621500000.0,,562600000.0,1.3,1.28,0.0,38972800000.0,7426400000.0,9844400000.0,1570400000.0,9923900000.0,837300000.0,-298800000.0,-171700000.0
AET,2010-06-30,False,Q2,2010,10-Q,8545800000.0,,491000000.0,1.16,1.14,0.0,38347800000.0,6914000000.0,9568900000.0,1406000000.0,10346300000.0,754800000.0,-25800000.0,-526600000.0
AET,2010-09-30,False,Q3,2010,10-Q,8538800000.0,,497600000.0,1.21,1.19,0.0,39150600000.0,7074400000.0,9006300000.0,1795500000.0,9996600000.0,846600000.0,254300000.0,509000000.0
AET,2010-12-31,False,FY,2010,10-K,34246000000.0,,1766800000.0,4.25,4.18,0.04,37739400000.0,6994200000.0,8736900000.0,1867600000.0,9890800000.0,1412100000.0,634500000.0,1382600000.0
AET,2011-03-31,False,Q1,2011,10-Q,8387800000.0,,586000000.0,1.53,1.5,0.0,37801300000.0,6426600000.0,8508000000.0,1444400000.0,10203200000.0,572200000.0,-407200000.0,-588200000.0
AET,2011-06-30,False,Q2,2011,10-Q,8344400000.0,,536700000.0,1.42,1.39,0.0,38218200000.0,6075700000.0,8323400000.0,910500000.0,10423500000.0,896500000.0,-1334700000.0,-518900000.0
AET,2011-09-30,False,Q3,2011,10-Q,8475300000.0,,490400000.0,1.33,1.3,0.0,38694200000.0,6885900000.0,8655100000.0,1957800000.0,10528700000.0,2013800000.0,-754200000.0,-1169400000.0
AET,2011-12-31,False,FY,2011,10-K,33779800000.0,,1985700000.0,5.33,5.22,0.0,38593100000.0,5890000000.0,8522200000.0,679700000.0,10120200000.0,2507800000.0,-1880200000.0,-1815500000.0
AET,2012-03-31,False,Q1,2012,10-Q,8915800000.0,,511000000.0,1.46,1.43,0.0,39336100000.0,6343700000.0,8967900000.0,809100000.0,10299000000.0,1019700000.0,-210200000.0,-680100000.0
AET,2012-06-30,False,Q2,2012,10-Q,8835100000.0,,457600000.0,1.34,1.32,0.0,39452700000.0,6474700000.0,8435100000.0,922100000.0,10255800000.0,1110000000.0,-113500000.0,-754100000.0
AET,2012-09-30,False,Q3,2012,10-Q,8916500000.0,,499200000.0,1.49,1.47,0.0,39838400000.0,6236000000.0,8276500000.0,638200000.0,10896800000.0,1277200000.0,-468600000.0,-850100000.0
AET,2012-12-31,False,FY,2012,10-K,36595900000.0,,1657900000.0,4.87,4.81,0.0,41494500000.0,8244400000.0,8487600000.0,2579200000.0,10405800000.0,1822000000.0,-231300000.0,308800000.0
AET,2013-03-31,False,Q1,2013,10-Q,9538900000.0,,490100000.0,1.5,1.48,0.0,42517200000.0,9392700000.0,9469100000.0,3227900000.0,10726800000.0,543800000.0,133800000.0,-28900000.0
AET,2013-06-30,False,Q2,2013,10-Q,11537400000.0,,536000000.0,1.5,1.49,0.0,49730300000.0,10739400000.0,12194200000.0,2256800000.0,13501200000.0,583500000.0,-851800000.0,-54100000.0
AET,2013-09-30,False,Q3,2013,10-Q,13035600000.0,,518600000.0,1.4,1.38,0.0,49252900000.0,10031900000.0,12245900000.0,2082400000.0,13669500000.0,1654600000.0,-1146200000.0,-1005200000.0
AET,2013-12-31,False,FY,2013,10-K,47294600000.0,,1913600000.0,5.38,5.33,0.0,49871800000.0,9718900000.0,12602900000.0,1412300000.0,14078200000.0,2278700000.0,-1919800000.0,-1525800000.0
AET,2014-03-31,False,Q1,2014,10-Q,13994800000.0,,665500000.0,1.84,1.82,0.0,52119000000.0,11414800000.0,14581200000.0,2074100000.0,14361000000.0,1422200000.0,-253800000.0,-506600000.0
AET,2014-06-30,False,Q2,2014,10-Q,14509400000.0,,548800000.0,1.54,1.52,0.0,53160700000.0,11647100000.0,14932700000.0,1760100000.0,14752800000.0,2091300000.0,-725000000.0,-1018500000.0
AET,2014-09-30,False,Q3,2014,10-Q,14727800000.0,,594500000.0,1.68,1.67,0.0,53025600000.0,11464900000.0,14632600000.0,1707100000.0,14982400000.0,3078700000.0,-1112300000.0,-1671600000.0
AET,2014-12-31,False,FY,2014,10-K,58003200000.0,,2040800000.0,5.74,5.68,0.0,53402100000.0,11764000000.0,15356500000.0,1420400000.0,14551800000.0,3372800000.0,-2129700000.0,-1235000000.0
AET,2015-03-31,False,Q1,2015,10-Q,15094100000.0,,777500000.0,2.22,2.2,0.0,55555400000.0,13391300000.0,16667900000.0,1915800000.0,15118900000.0,1473400000.0,21800000.0,-999800000.0
AET,2015-06-30,False,Q2,2015,10-Q,15240900000.0,,731800000.0,2.1,2.08,0.0,54641100000.0,12982100000.0,15801500000.0,1125800000.0,15467800000.0,1729100000.0,-530200000.0,-1493500000.0
AET,2015-09-30,False,Q3,2015,10-Q,14953000000.0,,560100000.0,1.6,1.59,0.0,53478400000.0,12347300000.0,15152100000.0,1796500000.0,15932500000.0,2755600000.0,-755600000.0,-1623900000.0
AET,2015-12-31,False,FY,2015,10-K,60336500000.0,,2390200000.0,6.84,6.78,0.0,53424100000.0,12738500000.0,15481500000.0,2524300000.0,16178600000.0,3866100000.0,-1027500000.0,-1734700000.0
AET,2016-03-31,False,Q1,2016,10-Q,15693400000.0,,726600000.0,2.07,2.06,0.0,56423700000.0,15393600000.0,17915200000.0,3766400000.0,16878700000.0,1780900000.0,-176700000.0,-362100000.0
AET,2016-06-30,False,Q2,2016,10-Q,15952300000.0,,790800000.0,2.25,2.23,0.0,70602000000.0,29125300000.0,18273900000.0,17119400000.0,17777700000.0,2209800000.0,35900000.0,12349400000.0
AET,2016-09-30,False,Q3,2016,10-Q,15781500000.0,,603900000.0,1.72,1.7,0.0,71882600000.0,29943400000.0,19335500000.0,19066200000.0,18344500000.0,4621000000.0,-325900000.0,12246800000.0
AET,2016-12-31,False,FY,2016,10-K,63155000000.0,,2271000000.0,6.46,6.41,0.0,69146000000.0,28449000000.0,18694000000.0,17996000000.0,17943000000.0,3719000000.0,-381000000.0,12134000000.0
AET,2017-03-31,False,Q1,2017,10-Q,15165000000.0,,-381000000.0,-1.11,-1.11,0.0,56351000000.0,15018000000.0,19548000000.0,3877000000.0,14338000000.0,899000000.0,-56000000.0,-14962000000.0
AET,2017-06-30,False,Q2,2017,10-Q,15523000000.0,,1203000000.0,3.62,3.6,0.0,56714000000.0,15501000000.0,19740000000.0,3574000000.0,15575000000.0,692000000.0,175000000.0,-15289000000.0
AET,2017-09-30,False,Q3,2017,10-Q,14994000000.0,,838000000.0,2.54,2.52,0.0,57383000000.0,16434000000.0,19647000000.0,5928000000.0,15818000000.0,2224000000.0,669000000.0,-14961000000.0
