symbol,end_date,amend,period_focus,fiscal_year,doc_type,revenues,op_income,net_income,eps_basic,eps_diluted,dividend,assets,cur_assets,cur_liab,cash,equity,cash_flow_op,cash_flow_inv,cash_flow_fin
BCR,2009-06-30,False,Q2,2009,10-Q,624600000.0,,112200000.0,1.13,1.11,0.0,2762700000.0,1419300000.0,261400000.0,607900000.0,2101700000.0,267500000.0,-72800000.0,-195600000.0
BCR,2009-09-30,False,Q3,2009,10-Q,637000000.0,,129500000.0,1.32,1.31,0.0,2807500000.0,1454400000.0,247200000.0,632100000.0,2162500000.0,434700000.0,-113000000.0,-304900000.0
BCR,2009-12-31,False,FY,2009,10-K,2534900000.0,,460100000.0,4.66,4.6,0.67,2906900000.0,1491800000.0,281700000.0,674400000.0,2205900000.0,619300000.0,-189200000.0,-378400000.0
BCR,2010-03-31,False,Q1,2010,10-Q,650800000.0,,120900000.0,1.25,1.24,0.0,2922200000.0,1525600000.0,264200000.0,720400000.0,2228900000.0,181400000.0,-23100000.0,-103600000.0
BCR,2010-06-30,False,Q2,2010,10-Q,673900000.0,,124600000.0,1.31,1.29,0.0,2856900000.0,1403600000.0,282400000.0,592900000.0,2140300000.0,295300000.0,-110200000.0,-248500000.0
BCR,2010-09-30,False,Q3,2010,10-Q,678400000.0,,127500000.0,1.35,1.34,0.0,3159600000.0,1519900000.0,518500000.0,662200000.0,2231100000.0,463700000.0,-323000000.0,-142700000.0
BCR,2010-12-31,False,FY,2010,10-K,2720200000.0,,509200000.0,5.39,5.32,0.71,3171500000.0,1529300000.0,397700000.0,641400000.0,1631500000.0,637800000.0,-355100000.0,-310600000.0
BCR,2011-03-31,False,Q1,2011,10-Q,700300000.0,,131900000.0,1.52,1.49,0.0,3288300000.0,1642400000.0,286300000.0,748300000.0,1851700000.0,177700000.0,-19700000.0,-60300000.0
BCR,2011-06-30,False,Q2,2011,10-Q,725000000.0,,-47800000.0,-0.55,-0.55,0.0,3503200000.0,1873400000.0,452300000.0,911900000.0,1874500000.0,309400000.0,-40700000.0,-12800000.0
BCR,2011-09-30,False,Q3,2011,10-Q,719200000.0,,127800000.0,1.48,1.46,0.0,3539300000.0,1900200000.0,507400000.0,767000000.0,1849000000.0,549400000.0,-266800000.0,-166100000.0
BCR,2011-12-31,False,FY,2011,10-K,2896400000.0,,321900000.0,3.75,3.69,0.75,3931100000.0,1685900000.0,904100000.0,596400000.0,1782200000.0,721500000.0,-772300000.0,3900000.0
BCR,2012-03-31,False,Q1,2012,10-Q,730000000.0,,136000000.0,1.62,1.6,0.0,3954000000.0,1746200000.0,827700000.0,674600000.0,1872000000.0,165700000.0,2700000.0,-93500000.0
BCR,2012-06-30,False,Q2,2012,10-Q,742600000.0,,131300000.0,1.56,1.54,0.0,3916600000.0,1745200000.0,735700000.0,714000000.0,1921500000.0,233700000.0,53100000.0,-156300000.0
BCR,2012-09-30,False,Q3,2012,10-Q,722900000.0,,126900000.0,1.52,1.5,0.0,3932500000.0,1785400000.0,784700000.0,809100000.0,1897800000.0,427200000.0,60000000.0,-269800000.0
BCR,2012-12-31,False,FY,2012,10-K,2958100000.0,,520100000.0,6.24,6.16,0.79,4151300000.0,1847200000.0,447600000.0,896300000.0,1925700000.0,661200000.0,-98200000.0,-263200000.0
BCR,2013-03-31,False,Q1,2013,10-Q,740300000.0,,89000000.0,1.09,1.08,0.0,4077100000.0,1795900000.0,415600000.0,879300000.0,1898600000.0,141000000.0,-18100000.0,-136700000.0
BCR,2013-06-30,False,Q2,2013,10-Q,759900000.0,,-161600000.0,-2.03,-2.03,0.0,4227600000.0,1830800000.0,502900000.0,859400000.0,1561700000.0,215700000.0,-18700000.0,-227600000.0
BCR,2013-09-30,False,Q3,2013,10-Q,758000000.0,,91600000.0,1.17,1.15,0.0,4165000000.0,1751300000.0,504400000.0,781700000.0,1504100000.0,417000000.0,-107900000.0,-415800000.0
BCR,2013-12-31,False,FY,2013,10-K,3049500000.0,,677300000.0,8.54,8.39,0.83,5041100000.0,2090400000.0,586500000.0,1066900000.0,2088200000.0,1123300000.0,-288300000.0,-663300000.0
BCR,2014-03-31,False,Q1,2014,10-Q,799300000.0,,145900000.0,1.89,1.86,0.0,4877900000.0,1941200000.0,531700000.0,939900000.0,2056200000.0,114300000.0,-14500000.0,-226800000.0
BCR,2014-06-30,False,Q2,2014,10-Q,827100000.0,,-119400000.0,-1.59,-1.59,0.0,5118300000.0,2025800000.0,782000000.0,996100000.0,1677400000.0,284000000.0,-42200000.0,-314400000.0
BCR,2014-09-30,False,Q3,2014,10-Q,830000000.0,,129100000.0,1.73,1.69,0.0,5113700000.0,2031100000.0,644900000.0,971700000.0,1832200000.0,538400000.0,-145000000.0,-485800000.0
BCR,2014-12-31,False,FY,2014,10-K,3323600000.0,,289700000.0,3.83,3.76,0.87,5092600000.0,2047100000.0,614600000.0,960100000.0,1804900000.0,660000000.0,-163300000.0,-584400000.0
BCR,2015-03-31,False,Q1,2015,10-Q,819700000.0,,137700000.0,1.85,1.82,0.0,5056700000.0,2036800000.0,903000000.0,1004200000.0,1748800000.0,114000000.0,-3300000.0,-49100000.0
BCR,2015-06-30,False,Q2,2015,10-Q,859800000.0,,-54700000.0,-0.74,-0.74,0.0,4967500000.0,2173100000.0,1110000000.0,1098400000.0,1658400000.0,507400000.0,-26300000.0,-321600000.0
BCR,2015-09-30,False,Q3,2015,10-Q,865700000.0,,-86000000.0,-1.16,-1.16,0.0,4972400000.0,2106100000.0,1299500000.0,1001700000.0,1478200000.0,681300000.0,-168700000.0,-444200000.0
BCR,2015-12-31,False,FY,2015,10-K,3416000000.0,,133500000.0,1.8,1.77,0.94,4942900000.0,2093200000.0,1261800000.0,950500000.0,1455300000.0,798100000.0,-211400000.0,-554100000.0
BCR,2016-03-31,False,Q1,2016,10-Q,873500000.0,,115600000.0,1.56,1.54,0.0,5176900000.0,2074900000.0,1393600000.0,765000000.0,1459900000.0,67200000.0,-353700000.0,102600000.0
BCR,2016-06-30,False,Q2,2016,10-Q,931500000.0,,158400000.0,2.14,2.11,0.0,5258200000.0,2185200000.0,926400000.0,797800000.0,1627800000.0,156100000.0,-381000000.0,62400000.0
BCR,2016-09-30,False,Q3,2016,10-Q,941900000.0,,96000000.0,1.3,1.27,0.0,5310700000.0,2302400000.0,875100000.0,996400000.0,1722100000.0,344200000.0,-341100000.0,41900000.0
BCR,2016-12-31,False,FY,2016,10-K,3714000000.0,,528800000.0,7.15,7.03,1.02,5306100000.0,2316400000.0,1108900000.0,905000000.0,1675100000.0,546600000.0,-423900000.0,-149800000.0
BCR,2017-03-31,False,Q1,2017,10-Q,938800000.0,,177200000.0,2.42,2.37,0.0,5244600000.0,2300800000.0,1559700000.0,890700000.0,1671800000.0,140600000.0,-28300000.0,-150800000.0
BCR,2017-06-30,False,Q2,2017,10-Q,979700000.0,,139000000.0,1.9,1.86,0.0,5353800000.0,2391900000.0,1514400000.0,976500000.0,1854500000.0,317000000.0,-65000000.0,-240200000.0
BCR,2017-09-30,False,Q3,2017,10-Q,989800000.0,,93600000.0,1.28,1.25,0.0,5572500000.0,2586100000.0,1500000000.0,1158100000.0,2017900000.0,526800000.0,-99000000.0,-256300000.0
