symbol,end_date,amend,period_focus,fiscal_year,doc_type,revenues,op_income,net_income,eps_basic,eps_diluted,dividend,assets,cur_assets,cur_liab,cash,equity,cash_flow_op,cash_flow_inv,cash_flow_fin
CA,2009-06-30,False,Q1,2010,10-Q,1050000000.0,325000000.0,195000000.0,0.37,0.37,0.0,11342000000.0,4300000000.0,3784000000.0,2978000000.0,4620000000.0,262000000.0,-67000000.0,-22000000.0
CA,2009-09-30,False,Q2,2010,10-Q,1072000000.0,339000000.0,218000000.0,0.42,0.41,0.0,11401000000.0,4359000000.0,3691000000.0,3025000000.0,4810000000.0,382000000.0,-136000000.0,-89000000.0
CA,2009-12-31,False,Q3,2010,10-Q,1128000000.0,351000000.0,257000000.0,0.49,0.49,0.0,11394000000.0,4218000000.0,3226000000.0,2624000000.0,5020000000.0,724000000.0,-396000000.0,-557000000.0
CA,2010-03-31,False,FY,2010,10-K,4353000000.0,1247000000.0,771000000.0,1.48,1.47,0.16,11838000000.0,3990000000.0,3588000000.0,2583000000.0,4983000000.0,1360000000.0,-888000000.0,-705000000.0
CA,2010-06-30,False,Q1,2011,10-Q,1091000000.0,324000000.0,217000000.0,0.42,0.42,0.04,11291000000.0,3593000000.0,3038000000.0,2476000000.0,5102000000.0,117000000.0,-76000000.0,-75000000.0
CA,2010-09-30,False,Q2,2011,10-Q,1110000000.0,307000000.0,222000000.0,0.43,0.43,0.04,11499000000.0,3655000000.0,2992000000.0,2525000000.0,5290000000.0,247000000.0,-138000000.0,-199000000.0
CA,2010-12-31,False,Q3,2011,10-Q,1165000000.0,338000000.0,200000000.0,0.39,0.39,0.04,11891000000.0,3796000000.0,3213000000.0,2518000000.0,5465000000.0,743000000.0,-597000000.0,-251000000.0
CA,2011-03-31,False,FY,2011,10-K,4429000000.0,1254000000.0,827000000.0,1.61,1.61,0.16,12414000000.0,4371000000.0,3924000000.0,3049000000.0,5620000000.0,1377000000.0,-700000000.0,-320000000.0
CA,2011-06-30,False,Q1,2012,10-Q,1163000000.0,342000000.0,241000000.0,0.48,0.47,0.05,11852000000.0,3841000000.0,3326000000.0,2761000000.0,5723000000.0,143000000.0,-107000000.0,-353000000.0
CA,2011-09-30,False,Q2,2012,10-Q,1200000000.0,333000000.0,236000000.0,0.47,0.47,0.05,11462000000.0,3214000000.0,3045000000.0,2203000000.0,5667000000.0,333000000.0,-500000000.0,-581000000.0
CA,2011-12-31,False,Q3,2012,10-Q,1263000000.0,413000000.0,263000000.0,0.54,0.54,0.05,11791000000.0,3604000000.0,3301000000.0,2358000000.0,5728000000.0,729000000.0,-560000000.0,-747000000.0
CA,2012-03-31,False,FY,2012,10-K,4814000000.0,1389000000.0,951000000.0,1.94,1.93,0.0,11997000000.0,3965000000.0,3751000000.0,2679000000.0,5397000000.0,1505000000.0,-455000000.0,-1330000000.0
CA,2012-06-30,False,Q1,2013,10-Q,1145000000.0,381000000.0,240000000.0,0.51,0.51,0.25,11359000000.0,3419000000.0,3154000000.0,2541000000.0,5437000000.0,183000000.0,-61000000.0,-183000000.0
CA,2012-09-30,False,Q2,2013,10-Q,1152000000.0,337000000.0,222000000.0,0.48,0.48,0.25,11140000000.0,3204000000.0,3133000000.0,2086000000.0,5330000000.0,272000000.0,-274000000.0,-531000000.0
CA,2012-12-31,False,Q3,2013,10-Q,1195000000.0,370000000.0,251000000.0,0.55,0.55,0.25,11558000000.0,3803000000.0,3341000000.0,2353000000.0,5413000000.0,838000000.0,-362000000.0,-753000000.0
CA,2013-03-31,False,FY,2013,10-K,4643000000.0,1362000000.0,955000000.0,2.07,2.07,0.0,11811000000.0,4126000000.0,3541000000.0,2593000000.0,5450000000.0,1408000000.0,-473000000.0,-938000000.0
CA,2013-06-30,False,Q1,2014,10-Q,1128000000.0,228000000.0,335000000.0,0.74,0.73,0.25,11366000000.0,3624000000.0,3079000000.0,2461000000.0,5630000000.0,11000000.0,24000000.0,-138000000.0
CA,2013-09-30,False,Q2,2014,10-Q,1140000000.0,359000000.0,240000000.0,0.53,0.53,0.25,11595000000.0,3911000000.0,2855000000.0,2790000000.0,5675000000.0,98000000.0,-20000000.0,83000000.0
CA,2013-12-31,False,Q3,2014,10-Q,1163000000.0,334000000.0,232000000.0,0.52,0.51,0.25,11777000000.0,4190000000.0,3537000000.0,2974000000.0,5690000000.0,527000000.0,-32000000.0,-152000000.0
CA,2014-03-31,False,FY,2014,10-K,4515000000.0,1093000000.0,914000000.0,2.03,2.02,0.0,12016000000.0,4559000000.0,3922000000.0,3252000000.0,5570000000.0,997000000.0,5000000.0,-421000000.0
CA,2014-06-30,False,Q1,2015,10-Q,1069000000.0,313000000.0,217000000.0,0.49,0.49,0.25,11666000000.0,4298000000.0,3562000000.0,3255000000.0,5668000000.0,166000000.0,-32000000.0,-140000000.0
CA,2014-09-30,False,Q2,2015,10-Q,1079000000.0,320000000.0,256000000.0,0.58,0.58,0.25,11372000000.0,4231000000.0,3290000000.0,3193000000.0,5743000000.0,232000000.0,-46000000.0,-207000000.0
CA,2014-12-31,False,Q3,2015,10-Q,1091000000.0,318000000.0,222000000.0,0.5,0.5,0.25,10915000000.0,3840000000.0,2864000000.0,2683000000.0,5736000000.0,545000000.0,-78000000.0,-859000000.0
CA,2015-03-31,False,FY,2015,10-K,4262000000.0,1162000000.0,846000000.0,1.91,1.9,0.0,10979000000.0,3987000000.0,2938000000.0,2804000000.0,5625000000.0,1030000000.0,-91000000.0,-977000000.0
CA,2015-06-30,False,Q1,2016,10-Q,977000000.0,304000000.0,212000000.0,0.48,0.48,0.25,10707000000.0,3745000000.0,2686000000.0,2816000000.0,5733000000.0,188000000.0,-50000000.0,-200000000.0
CA,2015-09-30,False,Q2,2016,10-Q,1005000000.0,259000000.0,174000000.0,0.39,0.39,0.25,10893000000.0,3422000000.0,2562000000.0,2458000000.0,5702000000.0,231000000.0,-622000000.0,39000000.0
CA,2015-12-31,False,Q3,2016,10-Q,1034000000.0,293000000.0,223000000.0,0.53,0.53,0.25,10857000000.0,3454000000.0,2699000000.0,2353000000.0,5227000000.0,563000000.0,-634000000.0,-353000000.0
CA,2016-03-31,False,FY,2016,10-K,4025000000.0,1135000000.0,783000000.0,1.82,1.81,0.0,11204000000.0,3561000000.0,2894000000.0,2812000000.0,5378000000.0,1034000000.0,-645000000.0,-443000000.0
CA,2016-06-30,False,Q1,2017,10-Q,999000000.0,292000000.0,198000000.0,0.47,0.47,0.255,10907000000.0,3350000000.0,2638000000.0,2776000000.0,5427000000.0,161000000.0,-9000000.0,-144000000.0
CA,2016-09-30,False,Q2,2017,10-Q,1018000000.0,320000000.0,212000000.0,0.5,0.5,0.255,10687000000.0,3178000000.0,2408000000.0,2585000000.0,5529000000.0,103000000.0,-17000000.0,-281000000.0
CA,2016-12-31,False,Q3,2017,10-Q,1007000000.0,308000000.0,208000000.0,0.5,0.5,0.255,11022000000.0,3519000000.0,2619000000.0,2828000000.0,5576000000.0,620000000.0,-79000000.0,-374000000.0
CA,2017-03-31,False,FY,2017,10-K,4036000000.0,1135000000.0,775000000.0,1.85,1.85,0.0,12610000000.0,3733000000.0,3006000000.0,2771000000.0,5689000000.0,1039000000.0,-1337000000.0,360000000.0
CA,2017-06-30,False,Q1,2018,10-Q,1025000000.0,263000000.0,178000000.0,0.42,0.42,0.255,12476000000.0,3612000000.0,2717000000.0,2971000000.0,5869000000.0,298000000.0,-18000000.0,-166000000.0
CA,2017-09-30,False,Q2,2018,10-Q,1034000000.0,282000000.0,184000000.0,0.44,0.44,0.255,12313000000.0,3457000000.0,2799000000.0,2822000000.0,5935000000.0,335000000.0,-38000000.0,-381000000.0
