symbol,end_date,amend,period_focus,fiscal_year,doc_type,revenues,op_income,net_income,eps_basic,eps_diluted,dividend,assets,cur_assets,cur_liab,cash,equity,cash_flow_op,cash_flow_inv,cash_flow_fin
CBG,2010-06-30,False,Q2,2010,10-Q,1171919000.0,97179000.0,54790000.0,0.17,0.17,0.0,4931050000.0,2053104000.0,1395139000.0,743563000.0,820610000.0,101007000.0,4025000.0,-89141000.0
CBG,2010-09-30,False,Q3,2010,10-Q,1266218000.0,130579000.0,57038000.0,0.18,0.18,0.0,5075063000.0,2177587000.0,1609868000.0,768675000.0,956964000.0,324924000.0,-20855000.0,-273021000.0
CBG,2010-12-31,False,FY,2010,10-K,5115316000.0,446379000.0,200345000.0,0.64,0.63,0.0,5121568000.0,2260870000.0,1956768000.0,506574000.0,1065795000.0,616587000.0,-62503000.0,-784222000.0
CBG,2011-03-31,False,Q1,2011,10-Q,1185105000.0,73119000.0,34369000.0,0.11,0.11,0.0,4792898000.0,1969033000.0,1581603000.0,427645000.0,1149145000.0,-113882000.0,65321000.0,-39164000.0
CBG,2011-06-30,False,Q2,2011,10-Q,1422218000.0,130182000.0,61223000.0,0.19,0.19,0.0,5282732000.0,2379054000.0,1630836000.0,752109000.0,1239658000.0,-156390000.0,47709000.0,339643000.0
CBG,2011-09-30,False,Q3,2011,10-Q,1534463000.0,143005000.0,63807000.0,0.2,0.2,0.0,6415103000.0,3225911000.0,2228171000.0,662594000.0,1358062000.0,104124000.0,-546541000.0,599521000.0
CBG,2011-12-31,False,FY,2011,10-K,5905411000.0,462862000.0,239162000.0,0.75,0.74,0.0,7219143000.0,3550047000.0,2680648000.0,1093182000.0,1417163000.0,361219000.0,-480255000.0,711325000.0
CBG,2012-03-31,False,Q1,2012,10-Q,1349989000.0,76063000.0,26975000.0,0.08,0.08,0.0,6539557000.0,2781705000.0,1992679000.0,703937000.0,1402343000.0,-298949000.0,-74395000.0,-22485000.0
CBG,2012-06-30,False,Q2,2012,10-Q,1601117000.0,172700000.0,75873000.0,0.24,0.23,0.0,6576395000.0,2828698000.0,1978458000.0,731202000.0,1434942000.0,-201659000.0,-133547000.0,-26037000.0
CBG,2012-09-30,False,Q3,2012,10-Q,1557147000.0,103595000.0,39709000.0,0.12,0.12,0.0,6768777000.0,3037275000.0,2144256000.0,776260000.0,1519106000.0,-119936000.0,-153512000.0,-47775000.0
CBG,2012-12-31,False,FY,2012,10-K,6514099000.0,585081000.0,315555000.0,0.98,0.97,0.0,7809542000.0,4084550000.0,2972293000.0,1089297000.0,1681812000.0,291081000.0,-197671000.0,-100689000.0
CBG,2013-03-31,False,Q1,2013,10-Q,1475063000.0,101174000.0,37546000.0,0.11,0.11,0.0,6887640000.0,3232833000.0,2453535000.0,518700000.0,1705787000.0,-79886000.0,13551000.0,-496665000.0
CBG,2013-06-30,False,Q2,2013,10-Q,1742014000.0,187624000.0,69902000.0,0.21,0.21,0.0,6348288000.0,2799225000.0,2133096000.0,485495000.0,1711449000.0,84671000.0,65030000.0,-739989000.0
CBG,2013-09-30,False,Q3,2013,10-Q,1733866000.0,158119000.0,94444000.0,0.29,0.28,0.0,6177335000.0,2558960000.0,1842727000.0,502621000.0,1836307000.0,234640000.0,26262000.0,-839644000.0
CBG,2013-12-31,False,FY,2013,10-K,7184794000.0,616128000.0,316538000.0,0.96,0.95,0.0,6998414000.0,2879812000.0,2605740000.0,491912000.0,1936006000.0,745108000.0,-464994000.0,-866281000.0
CBG,2014-03-31,False,Q1,2014,10-Q,1860842000.0,112481000.0,67663000.0,0.21,0.2,0.0,6843358000.0,2762237000.0,2379614000.0,428237000.0,2028258000.0,-269966000.0,-3496000.0,208328000.0
CBG,2014-06-30,False,Q2,2014,10-Q,2126806000.0,206006000.0,105464000.0,0.32,0.32,0.0,7471771000.0,3338471000.0,2875964000.0,381866000.0,2174275000.0,-223984000.0,-1998000.0,110723000.0
CBG,2014-09-30,False,Q3,2014,10-Q,2275076000.0,185140000.0,107099000.0,0.32,0.32,0.0,7529954000.0,3461037000.0,2677009000.0,615358000.0,2182838000.0,68478000.0,-114506000.0,182157000.0
CBG,2014-12-31,False,FY,2014,10-K,9049918000.0,792254000.0,484503000.0,1.47,1.45,0.0,7647105000.0,3524504000.0,2875634000.0,740884000.0,2301398000.0,661780000.0,-151556000.0,-232069000.0
CBG,2015-03-31,False,Q1,2015,10-Q,2052503000.0,160105000.0,92937000.0,0.28,0.28,0.0,7625660000.0,3593879000.0,2972989000.0,379028000.0,2305021000.0,-179850000.0,-106833000.0,-60435000.0
CBG,2015-06-30,False,Q2,2015,10-Q,2390506000.0,228755000.0,125029000.0,0.38,0.37,0.0,7460259000.0,3342956000.0,2594774000.0,336422000.0,2503528000.0,-42191000.0,-170837000.0,-180469000.0
CBG,2015-09-30,False,Q3,2015,10-Q,2712559000.0,240101000.0,149123000.0,0.45,0.44,0.0,9555464000.0,3979647000.0,3604263000.0,440357000.0,2589525000.0,142410000.0,-1631946000.0,1210170000.0
CBG,2015-12-31,False,FY,2015,10-K,10855810000.0,835944000.0,547132000.0,1.64,1.63,0.0,11017943000.0,5305223000.0,4994157000.0,540403000.0,2759070000.0,651897000.0,-1618959000.0,789548000.0
CBG,2016-03-31,False,Q1,2016,10-Q,2846734000.0,107580000.0,82167000.0,0.25,0.24,0.0,9835135000.0,4086896000.0,3696420000.0,489229000.0,2866698000.0,-328640000.0,1306000.0,272314000.0
CBG,2016-06-30,False,Q2,2016,10-Q,3207537000.0,182594000.0,121668000.0,0.36,0.36,0.0,9922572000.0,4246081000.0,3742649000.0,431768000.0,2903770000.0,-210017000.0,-39518000.0,141488000.0
CBG,2016-09-30,False,Q3,2016,10-Q,3193487000.0,172492000.0,104163000.0,0.31,0.31,0.0,10776770000.0,5055477000.0,4566864000.0,446346000.0,2981503000.0,-53189000.0,-39621000.0,-839000.0
CBG,2016-12-31,False,FY,2016,10-K,13071589000.0,815487000.0,571973000.0,1.71,1.69,0.0,10779587000.0,5122450000.0,4525429000.0,762576000.0,3057245000.0,450315000.0,-7439000.0,-199643000.0
CBG,2017-03-31,False,Q1,2017,10-Q,2981204000.0,195242000.0,129597000.0,0.38,0.38,0.0,9927112000.0,4245460000.0,3473180000.0,533281000.0,3258239000.0,-342030000.0,-20525000.0,117770000.0
CBG,2017-06-30,False,Q2,2017,10-Q,3342215000.0,222191000.0,197165000.0,0.59,0.58,0.0,10606218000.0,4824336000.0,3797550000.0,535681000.0,3583026000.0,-190737000.0,-38905000.0,-14581000.0
CBG,2017-09-30,False,Q3,2017,10-Q,3549977000.0,235291000.0,196317000.0,0.58,0.58,0.0,11652014000.0,5804734000.0,4551377000.0,955605000.0,3851836000.0,247268000.0,-33807000.0,-44157000.0
