symbol,end_date,amend,period_focus,fiscal_year,doc_type,revenues,op_income,net_income,eps_basic,eps_diluted,dividend,assets,cur_assets,cur_liab,cash,equity,cash_flow_op,cash_flow_inv,cash_flow_fin
COL,2009-06-30,False,Q3,2009,10-Q,1084000000.0,,145000000.0,0.92,0.91,0.24,4372000000.0,2392000000.0,1427000000.0,218000000.0,1734000000.0,381000000.0,-265000000.0,-72000000.0
COL,2009-09-30,False,FY,2009,10-K,4470000000.0,,594000000.0,3.76,3.73,0.96,4645000000.0,2362000000.0,1359000000.0,235000000.0,1292000000.0,633000000.0,-302000000.0,-275000000.0
COL,2009-12-31,False,Q1,2010,10-Q,1027000000.0,,121000000.0,0.77,0.76,0.24,4649000000.0,2304000000.0,1379000000.0,206000000.0,1384000000.0,84000000.0,-119000000.0,5000000.0
COL,2010-03-31,False,Q2,2010,10-Q,1142000000.0,,148000000.0,0.94,0.93,0.24,4665000000.0,2332000000.0,1346000000.0,246000000.0,1496000000.0,280000000.0,-156000000.0,-113000000.0
COL,2010-06-30,False,Q3,2010,10-Q,1214000000.0,,142000000.0,0.9,0.89,0.24,4736000000.0,2426000000.0,1366000000.0,303000000.0,1581000000.0,440000000.0,-183000000.0,-186000000.0
COL,2010-06-30,False,Q3,2011,10-Q,1208000000.0,,142000000.0,0.9,0.89,0.24,,,,303000000.0,,440000000.0,-183000000.0,-186000000.0
COL,2010-09-30,False,FY,2010,10-K,4665000000.0,,561000000.0,3.57,3.52,0.96,5064000000.0,2689000000.0,1452000000.0,435000000.0,1486000000.0,711000000.0,-232000000.0,-279000000.0
COL,2010-12-31,False,Q1,2011,10-Q,1110000000.0,,151000000.0,0.97,0.96,0.24,4904000000.0,2546000000.0,1316000000.0,263000000.0,1479000000.0,57000000.0,-37000000.0,-193000000.0
COL,2011-03-31,False,Q2,2011,10-Q,1223000000.0,,150000000.0,0.97,0.96,0.24,5020000000.0,2652000000.0,1440000000.0,236000000.0,1577000000.0,127000000.0,-64000000.0,-266000000.0
COL,2011-09-30,False,FY,2011,10-K,4806000000.0,973000000.0,634000000.0,4.11,4.06,0.96,5389000000.0,2889000000.0,1495000000.0,530000000.0,1528000000.0,657000000.0,-92000000.0,-471000000.0
COL,2011-12-31,False,Q1,2012,10-Q,1094000000.0,218000000.0,130000000.0,0.87,0.86,0.24,5168000000.0,2693000000.0,1350000000.0,286000000.0,1262000000.0,-64000000.0,-47000000.0,-128000000.0
COL,2012-03-31,False,Q2,2012,10-Q,1161000000.0,240000000.0,161000000.0,1.1,1.09,0.24,5207000000.0,2757000000.0,1453000000.0,297000000.0,1334000000.0,45000000.0,-72000000.0,-206000000.0
COL,2012-06-30,False,Q3,2012,10-Q,1205000000.0,253000000.0,166000000.0,1.16,1.14,0.3,5148000000.0,2753000000.0,1485000000.0,265000000.0,1278000000.0,192000000.0,-91000000.0,-352000000.0
COL,2012-09-30,False,FY,2012,10-K,4726000000.0,1008000000.0,609000000.0,4.19,4.15,1.08,5314000000.0,2787000000.0,1440000000.0,335000000.0,1264000000.0,534000000.0,-129000000.0,-594000000.0
COL,2012-12-31,False,Q1,2013,10-Q,1062000000.0,213000000.0,132000000.0,0.95,0.94,0.3,5313000000.0,2793000000.0,1915000000.0,337000000.0,1057000000.0,63000000.0,-40000000.0,-25000000.0
COL,2013-03-31,False,Q2,2013,10-Q,1131000000.0,229000000.0,161000000.0,1.18,1.17,0.3,5353000000.0,2874000000.0,1960000000.0,337000000.0,1125000000.0,179000000.0,-62000000.0,-113000000.0
COL,2013-06-30,False,Q3,2013,10-Q,1165000000.0,261000000.0,164000000.0,1.21,1.2,0.3,5397000000.0,2945000000.0,1935000000.0,354000000.0,1208000000.0,309000000.0,-85000000.0,-203000000.0
COL,2013-09-30,False,FY,2013,10-K,4610000000.0,976000000.0,632000000.0,4.63,4.58,1.2,5400000000.0,3094000000.0,1981000000.0,391000000.0,1623000000.0,617000000.0,-118000000.0,-448000000.0
COL,2013-12-31,False,Q1,2014,10-Q,1071000000.0,214000000.0,131000000.0,0.97,0.96,0.3,7093000000.0,3429000000.0,2486000000.0,439000000.0,1730000000.0,-38000000.0,-1434000000.0,1517000000.0
COL,2014-03-31,False,Q2,2014,10-Q,1272000000.0,254000000.0,9000000.0,1.09,1.08,0.3,7083000000.0,3417000000.0,2400000000.0,410000000.0,1852000000.0,63000000.0,-1462000000.0,1414000000.0
COL,2014-06-30,False,Q3,2014,10-Q,1264000000.0,263000000.0,12000000.0,1.17,1.15,0.3,7253000000.0,3511000000.0,2432000000.0,450000000.0,1953000000.0,237000000.0,-1497000000.0,1316000000.0
COL,2014-09-30,False,FY,2014,10-K,4979000000.0,1036000000.0,604000000.0,4.47,4.42,1.2,7063000000.0,3204000000.0,2198000000.0,323000000.0,1889000000.0,660000000.0,-1537000000.0,827000000.0
COL,2014-12-31,False,Q1,2015,10-Q,1226000000.0,252000000.0,167000000.0,1.26,1.24,0.3,7140000000.0,3288000000.0,2363000000.0,315000000.0,1870000000.0,-60000000.0,-76000000.0,138000000.0
COL,2015-03-31,False,Q2,2015,10-Q,1341000000.0,278000000.0,157000000.0,1.19,1.17,0.3,7172000000.0,3305000000.0,2343000000.0,284000000.0,1953000000.0,132000000.0,-136000000.0,-2000000.0
COL,2015-06-30,False,Q3,2015,10-Q,1293000000.0,272000000.0,178000000.0,1.35,1.33,0.33,7230000000.0,3378000000.0,2342000000.0,294000000.0,2055000000.0,341000000.0,-187000000.0,-153000000.0
COL,2015-09-30,False,FY,2015,10-K,5244000000.0,1106000000.0,686000000.0,5.19,5.13,1.26,7389000000.0,3233000000.0,2144000000.0,252000000.0,1880000000.0,749000000.0,-294000000.0,-492000000.0
COL,2015-12-31,False,Q1,2016,10-Q,1169000000.0,235000000.0,135000000.0,1.03,1.02,0.33,7471000000.0,3446000000.0,2575000000.0,334000000.0,1905000000.0,-91000000.0,-48000000.0,223000000.0
COL,2016-03-31,False,Q2,2016,10-Q,1311000000.0,272000000.0,171000000.0,1.31,1.29,0.33,7541000000.0,3490000000.0,2573000000.0,300000000.0,1989000000.0,45000000.0,-110000000.0,110000000.0
COL,2016-06-30,False,Q3,2016,10-Q,1334000000.0,282000000.0,214000000.0,1.65,1.63,0.33,7675000000.0,3614000000.0,2615000000.0,307000000.0,2114000000.0,223000000.0,-151000000.0,-13000000.0
COL,2016-09-30,False,FY,2016,10-K,5259000000.0,1115000000.0,728000000.0,5.58,5.51,1.32,7707000000.0,3490000000.0,2346000000.0,340000000.0,2084000000.0,723000000.0,-209000000.0,-422000000.0
COL,2016-12-31,False,Q1,2017,10-Q,1193000000.0,251000000.0,145000000.0,1.11,1.1,0.33,7709000000.0,3489000000.0,2341000000.0,308000000.0,2208000000.0,-101000000.0,-63000000.0,146000000.0
COL,2017-03-31,False,Q2,2017,10-Q,1342000000.0,282000000.0,168000000.0,1.28,1.27,0.33,7780000000.0,3579000000.0,2251000000.0,281000000.0,2402000000.0,1000000.0,-102000000.0,50000000.0
COL,2017-06-30,False,Q3,2017,10-Q,2094000000.0,386000000.0,179000000.0,1.13,1.12,0.33,18351000000.0,4895000000.0,2874000000.0,578000000.0,5609000000.0,416000000.0,-3599000000.0,3415000000.0
COL,2017-09-30,False,FY,2017,10-K,6822000000.0,1326000000.0,705000000.0,4.85,4.79,1.32,17997000000.0,4760000000.0,3069000000.0,703000000.0,6050000000.0,1264000000.0,-3674000000.0,2759000000.0
