symbol,end_date,amend,period_focus,fiscal_year,doc_type,revenues,op_income,net_income,eps_basic,eps_diluted,dividend,assets,cur_assets,cur_liab,cash,equity,cash_flow_op,cash_flow_inv,cash_flow_fin
COO,2010-07-31,False,Q3,2010,10-Q,295635000.0,51396000.0,39727000.0,0.87,0.86,0.0,2503040000.0,491270000.0,224176000.0,3240000.0,1594111000.0,203053000.0,-73430000.0,-130319000.0
COO,2010-10-31,False,FY,2010,10-K,1158517000.0,189912000.0,112803000.0,2.48,2.43,0.0,2525018000.0,491340000.0,199520000.0,3573000.0,1666776000.0,267663000.0,-106604000.0,-161567000.0
COO,2011-01-31,False,Q1,2011,10-Q,293229000.0,54793000.0,45295000.0,0.99,0.96,0.0,2571938000.0,503343000.0,186074000.0,3320000.0,1722299000.0,72931000.0,-61234000.0,-11945000.0
COO,2011-04-30,False,Q2,2011,10-Q,325301000.0,60256000.0,35360000.0,0.76,0.73,0.0,2625192000.0,538435000.0,206150000.0,8430000.0,1810326000.0,137822000.0,-88615000.0,-44746000.0
COO,2011-07-31,False,Q3,2011,10-Q,351396000.0,45887000.0,38137000.0,0.81,0.78,0.0,2615334000.0,543636000.0,237693000.0,7872000.0,1887678000.0,225291000.0,-112122000.0,-109193000.0
COO,2011-10-31,False,FY,2011,10-K,1330835000.0,227556000.0,175430000.0,3.74,3.63,0.0,2624518000.0,540347000.0,267206000.0,5175000.0,1937488000.0,336281000.0,-161675000.0,-172873000.0
COO,2012-01-31,False,Q1,2012,10-Q,326060000.0,61728000.0,54623000.0,1.15,1.12,0.0,2599267000.0,555263000.0,206392000.0,7681000.0,1937357000.0,41550000.0,-18785000.0,-20197000.0
COO,2012-04-30,False,Q2,2012,10-Q,344589000.0,65440000.0,54921000.0,1.15,1.12,0.0,2628561000.0,576283000.0,228125000.0,7745000.0,2037956000.0,122191000.0,-38964000.0,-80569000.0
COO,2012-07-31,False,Q3,2012,10-Q,378186000.0,77250000.0,66875000.0,1.39,1.36,0.0,2883918000.0,628106000.0,232075000.0,12732000.0,2096646000.0,200304000.0,-205486000.0,13809000.0
COO,2012-10-31,False,FY,2012,10-K,1445136000.0,283398000.0,248339000.0,5.18,5.05,0.03,2941384000.0,657860000.0,262552000.0,12840000.0,2213158000.0,315121000.0,-238474000.0,-68443000.0
COO,2013-01-31,False,Q1,2013,10-Q,379839000.0,68821000.0,74667000.0,1.54,1.5,0.0,2969544000.0,680848000.0,226132000.0,14445000.0,2249548000.0,47623000.0,-32445000.0,-14125000.0
COO,2013-04-30,False,Q2,2013,10-Q,384041000.0,81473000.0,75136000.0,1.55,1.52,0.0,2966732000.0,675788000.0,228919000.0,14441000.0,2336496000.0,162526000.0,-74366000.0,-86326000.0
COO,2013-07-31,False,Q3,2013,10-Q,411993000.0,93608000.0,88951000.0,1.82,1.79,0.0,3006908000.0,706007000.0,249286000.0,25482000.0,2437642000.0,265584000.0,-113805000.0,-138139000.0
COO,2013-10-31,False,FY,2013,10-K,1587725000.0,305945000.0,296151000.0,6.09,5.96,0.03,3137261000.0,747241000.0,321253000.0,77393000.0,2423494000.0,415925000.0,-189918000.0,-161597000.0
COO,2014-01-31,False,Q1,2014,10-Q,404980000.0,81622000.0,71843000.0,1.5,1.47,0.0,3114755000.0,701094000.0,268307000.0,28828000.0,2453909000.0,68574000.0,-58131000.0,-58584000.0
COO,2014-04-30,False,Q2,2014,10-Q,412317000.0,88924000.0,79160000.0,1.65,1.62,0.0,3221982000.0,764680000.0,264666000.0,82659000.0,2562080000.0,194906000.0,-119757000.0,-70129000.0
COO,2014-07-31,False,Q3,2014,10-Q,432482000.0,96565000.0,88067000.0,1.83,1.8,0.0,3367374000.0,895813000.0,297687000.0,173786000.0,2676277000.0,302767000.0,-175823000.0,-30085000.0
COO,2014-10-31,False,FY,2014,10-K,1717776000.0,306486000.0,269856000.0,5.61,5.51,0.03,4458340000.0,791617000.0,442182000.0,25222000.0,2588440000.0,454823000.0,-1346408000.0,842165000.0
COO,2015-01-31,False,Q1,2015,10-Q,445171000.0,73108000.0,61179000.0,1.27,1.25,0.0,4335744000.0,787109000.0,382579000.0,16428000.0,2516985000.0,79841000.0,-65199000.0,-20247000.0
COO,2015-04-30,False,Q2,2015,10-Q,434676000.0,70998000.0,60713000.0,1.25,1.23,0.0,4392660000.0,799966000.0,535642000.0,17911000.0,2615737000.0,190481000.0,-119117000.0,-74490000.0
COO,2015-07-31,False,Q3,2015,10-Q,461678000.0,50311000.0,44951000.0,0.92,0.91,0.0,4422682000.0,814692000.0,529587000.0,17005000.0,2693935000.0,286449000.0,-185891000.0,-104172000.0
COO,2015-10-31,False,FY,2015,10-K,1797100000.0,236671000.0,203523000.0,4.2,4.14,0.03,4460610000.0,841818000.0,569172000.0,16426000.0,2673904000.0,390970000.0,-287947000.0,-106677000.0
COO,2016-01-31,False,Q1,2016,10-Q,449641000.0,57396000.0,51356000.0,1.06,1.05,0.0,4401802000.0,844504000.0,347969000.0,16047000.0,2606726000.0,89539000.0,-106028000.0,17759000.0
COO,2016-04-30,False,Q2,2016,10-Q,483800000.0,89800000.0,74100000.0,1.53,1.52,0.0,4601300000.0,915115000.0,322217000.0,44464000.0,2744781000.0,187387000.0,-231754000.0,72458000.0
COO,2016-07-31,False,Q3,2016,10-Q,514726000.0,102672000.0,87900000.0,1.81,1.79,0.0,4592700000.0,929639000.0,320241000.0,62613000.0,2737402000.0,316273000.0,-368653000.0,101450000.0
COO,2016-10-31,False,FY,2016,10-K,1966814000.0,324080000.0,273917000.0,5.65,5.59,0.03,4475918000.0,934458000.0,536455000.0,100817000.0,2700035000.0,509637000.0,-418779000.0,-1382000.0
COO,2017-01-31,False,Q1,2017,10-Q,499100000.0,90700000.0,75800000.0,1.55,1.53,0.0,4656700000.0,883900000.0,517900000.0,91100000.0,2819400000.0,108400000.0,-202100000.0,83500000.0
COO,2017-04-30,False,Q2,2017,10-Q,522400000.0,117100000.0,104900000.0,2.14,2.12,0.0,4749800000.0,958300000.0,343200000.0,121300000.0,2939800000.0,240100000.0,-231100000.0,10000000.0
COO,2017-07-31,False,Q3,2017,10-Q,556000000.0,112800000.0,103600000.0,2.12,2.09,0.0,4782800000.0,932100000.0,371200000.0,46000000.0,3093300000.0,394600000.0,-292400000.0,-160900000.0
