symbol,end_date,amend,period_focus,fiscal_year,doc_type,revenues,op_income,net_income,eps_basic,eps_diluted,dividend,assets,cur_assets,cur_liab,cash,equity,cash_flow_op,cash_flow_inv,cash_flow_fin
DD,2009-06-30,False,Q2,2009,10-Q,6858000000.0,,417000000.0,0.46,0.46,0.41,35258000000.0,14578000000.0,8653000000.0,2157000000.0,7474000000.0,45000000.0,-1476000000.0,-57000000.0
DD,2009-09-30,False,Q3,2009,10-Q,5961000000.0,,409000000.0,0.45,0.45,0.41,36168000000.0,15356000000.0,9562000000.0,2249000000.0,8083000000.0,923000000.0,-2625000000.0,275000000.0
DD,2009-12-31,False,FY,2009,10-K,26109000000.0,,1755000000.0,1.93,1.92,1.64,38185000000.0,17288000000.0,9390000000.0,4021000000.0,7651000000.0,4741000000.0,-4298000000.0,-97000000.0
DD,2010-03-31,False,Q1,2010,10-Q,8484000000.0,,1129000000.0,1.24,1.24,0.41,37986000000.0,17436000000.0,8596000000.0,2911000000.0,8423000000.0,-1065000000.0,384000000.0,-370000000.0
DD,2010-06-30,False,Q2,2010,10-Q,8616000000.0,,1157000000.0,1.27,1.26,0.41,37712000000.0,17365000000.0,7506000000.0,2215000000.0,9276000000.0,-424000000.0,275000000.0,-1544000000.0
DD,2010-09-30,False,Q3,2010,10-Q,7001000000.0,,364000000.0,0.4,0.4,0.41,39918000000.0,19589000000.0,9321000000.0,4088000000.0,9651000000.0,35000000.0,-294000000.0,386000000.0
DD,2010-12-31,False,FY,2010,10-K,31505000000.0,,3021000000.0,3.32,3.28,1.64,40410000000.0,19059000000.0,9389000000.0,4263000000.0,9743000000.0,4559000000.0,-2439000000.0,-1829000000.0
DD,2011-03-31,False,Q1,2011,10-Q,10034000000.0,,1428000000.0,1.54,1.52,0.41,42600000000.0,21119000000.0,10156000000.0,3796000000.0,11279000000.0,-1484000000.0,-965000000.0,1929000000.0
DD,2011-06-30,False,Q2,2011,10-Q,10264000000.0,1943000000.0,1216000000.0,1.31,1.29,0.41,47736000000.0,18703000000.0,10541000000.0,2268000000.0,12502000000.0,-644000000.0,-5036000000.0,3530000000.0
DD,2011-09-30,False,Q3,2011,10-Q,9238000000.0,850000000.0,449000000.0,0.48,0.48,0.41,47794000000.0,18795000000.0,11370000000.0,2750000000.0,12024000000.0,431000000.0,-5576000000.0,3564000000.0
DD,2011-12-31,False,FY,2011,10-K,37961000000.0,5616000000.0,3464000000.0,3.73,3.68,1.64,48492000000.0,18058000000.0,11185000000.0,3586000000.0,9062000000.0,5152000000.0,-6238000000.0,403000000.0
DD,2012-03-31,False,Q1,2012,10-Q,11230000000.0,2327000000.0,1485000000.0,1.59,1.57,0.41,50223000000.0,19809000000.0,12536000000.0,3410000000.0,10427000000.0,-1877000000.0,-156000000.0,1845000000.0
DD,2012-06-30,False,Q2,2012,10-Q,11006000000.0,1898000000.0,1177000000.0,1.26,1.25,0.43,50031000000.0,20126000000.0,12438000000.0,3506000000.0,10645000000.0,-1117000000.0,-83000000.0,1204000000.0
DD,2012-09-30,False,Q3,2012,10-Q,7390000000.0,356000000.0,7000000.0,0.01,0.01,0.43,50607000000.0,22417000000.0,14203000000.0,3418000000.0,10711000000.0,-426000000.0,-667000000.0,1044000000.0
DD,2012-12-31,False,FY,2012,10-K,34812000000.0,4832000000.0,2778000000.0,2.98,2.95,1.7,49736000000.0,21191000000.0,13549000000.0,4284000000.0,10179000000.0,4849000000.0,-1346000000.0,-2697000000.0
DD,2013-03-31,False,Q1,2013,10-Q,10408000000.0,2241000000.0,3348000000.0,3.6,3.58,0.43,50564000000.0,22414000000.0,11523000000.0,6555000000.0,12315000000.0,-2667000000.0,4608000000.0,331000000.0
DD,2013-06-30,False,Q2,2013,10-Q,9844000000.0,1777000000.0,1030000000.0,1.11,1.11,0.45,51349000000.0,23237000000.0,11890000000.0,6685000000.0,13355000000.0,-2631000000.0,4082000000.0,1004000000.0
DD,2013-09-30,False,Q3,2013,10-Q,7735000000.0,741000000.0,285000000.0,0.3,0.3,0.45,51990000000.0,23543000000.0,12396000000.0,7005000000.0,13900000000.0,-2333000000.0,3578000000.0,1462000000.0
DD,2013-12-31,False,FY,2013,10-K,35734000000.0,5369000000.0,4838000000.0,5.22,5.18,1.78,51499000000.0,24384000000.0,13367000000.0,8941000000.0,16286000000.0,3179000000.0,2945000000.0,-1474000000.0
DD,2014-03-31,False,Q1,2014,10-Q,10128000000.0,2248000000.0,1439000000.0,1.56,1.54,0.45,47800000000.0,20834000000.0,11085000000.0,3782000000.0,16442000000.0,-2421000000.0,-236000000.0,-2469000000.0
DD,2014-06-30,False,Q2,2014,10-Q,9706000000.0,1955000000.0,1070000000.0,1.16,1.15,0.45,48314000000.0,21329000000.0,11039000000.0,4174000000.0,17128000000.0,-2071000000.0,-232000000.0,-2390000000.0
DD,2014-09-30,False,Q3,2014,10-Q,7511000000.0,923000000.0,431000000.0,0.47,0.47,0.47,47911000000.0,21168000000.0,12137000000.0,3982000000.0,15982000000.0,-1802000000.0,-720000000.0,-2233000000.0
DD,2014-12-31,False,FY,2014,10-K,34723000000.0,6356000000.0,3615000000.0,3.95,3.92,1.84,49876000000.0,21748000000.0,12640000000.0,6910000000.0,13378000000.0,3712000000.0,-337000000.0,-5074000000.0
DD,2015-03-31,False,Q1,2015,10-Q,9172000000.0,1941000000.0,1031000000.0,1.13,1.13,0.47,46175000000.0,19319000000.0,10732000000.0,3622000000.0,12862000000.0,-2123000000.0,-140000000.0,-851000000.0
DD,2015-06-30,False,Q2,2015,10-Q,8595000000.0,1637000000.0,940000000.0,1.04,1.03,0.49,48106000000.0,21045000000.0,8705000000.0,4746000000.0,13653000000.0,-2045000000.0,-983000000.0,1002000000.0
DD,2015-09-30,False,Q3,2015,10-Q,4873000000.0,580000000.0,233000000.0,0.26,0.26,0.38,40302000000.0,17046000000.0,8354000000.0,3324000000.0,11222000000.0,-1845000000.0,-1045000000.0,-430000000.0
DD,2015-12-31,False,FY,2015,10-K,25130000000.0,,1943000000.0,2.17,2.16,1.72,41166000000.0,17755000000.0,10353000000.0,5300000000.0,10200000000.0,2316000000.0,-1828000000.0,-1823000000.0
DD,2016-03-31,False,Q1,2016,10-Q,7405000000.0,,1224000000.0,1.4,1.39,0.38,41801000000.0,17865000000.0,8955000000.0,4166000000.0,10598000000.0,-1844000000.0,27000000.0,663000000.0
DD,2016-06-30,False,Q2,2016,10-Q,7061000000.0,,1017000000.0,1.16,1.16,0.38,42266000000.0,18091000000.0,8378000000.0,4411000000.0,10541000000.0,-1503000000.0,-418000000.0,1037000000.0
DD,2016-09-30,False,Q3,2016,10-Q,4917000000.0,,0.0,0.0,0.0,0.38,42481000000.0,18298000000.0,9110000000.0,4452000000.0,9954000000.0,-1077000000.0,-1075000000.0,1280000000.0
DD,2016-12-31,False,FY,2016,10-K,24594000000.0,,2503000000.0,2.87,2.85,1.52,39964000000.0,17117000000.0,8897000000.0,4605000000.0,10196000000.0,3300000000.0,-1514000000.0,-2328000000.0
DD,2017-03-31,False,Q1,2017,10-Q,7743000000.0,,1111000000.0,1.28,1.27,0.38,41850000000.0,19050000000.0,9810000000.0,3347000000.0,11635000000.0,-1624000000.0,-1335000000.0,1641000000.0
DD,2017-06-30,False,Q2,2017,10-Q,7424000000.0,,859000000.0,0.99,0.99,0.38,43206000000.0,20122000000.0,10442000000.0,3254000000.0,12594000000.0,-4055000000.0,-1932000000.0,4531000000.0
DD,2017-09-30,False,Q3,2017,10-Q,,,,,,0.0,115820000000.0,26803000000.0,12333000000.0,4754000000.0,74238000000.0,-310000000.0,935000000.0,230000000.0
