symbol,end_date,amend,period_focus,fiscal_year,doc_type,revenues,op_income,net_income,eps_basic,eps_diluted,dividend,assets,cur_assets,cur_liab,cash,equity,cash_flow_op,cash_flow_inv,cash_flow_fin
DIS,2009-06-27,False,Q3,2009,10-Q,8596000000.0,,954000000.0,0.51,0.51,0.0,62584000000.0,11499000000.0,8606000000.0,3128000000.0,34296000000.0,3326000000.0,-1451000000.0,-1748000000.0
DIS,2009-10-03,False,FY,2009,10-K,36149000000.0,,3307000000.0,1.78,1.76,0.35,63117000000.0,11889000000.0,8934000000.0,3417000000.0,33734000000.0,5064000000.0,-2096000000.0,-2552000000.0
DIS,2010-01-02,False,Q1,2010,10-Q,9739000000.0,,844000000.0,0.45,0.44,0.0,69314000000.0,12945000000.0,11667000000.0,3204000000.0,37958000000.0,915000000.0,-2540000000.0,1412000000.0
DIS,2010-04-03,False,Q2,2010,10-Q,8580000000.0,,953000000.0,0.49,0.48,0.0,68760000000.0,12487000000.0,10052000000.0,3075000000.0,38969000000.0,2489000000.0,-2978000000.0,147000000.0
DIS,2010-07-03,False,Q3,2010,10-Q,10002000000.0,,1331000000.0,0.68,0.67,0.0,68305000000.0,12601000000.0,9489000000.0,2951000000.0,39601000000.0,4372000000.0,-3463000000.0,-1375000000.0
DIS,2010-10-02,False,FY,2010,10-K,38063000000.0,,3963000000.0,2.07,2.03,0.0,69206000000.0,12225000000.0,11000000000.0,2722000000.0,39342000000.0,6578000000.0,-4523000000.0,-2750000000.0
DIS,2011-01-01,False,Q1,2011,10-Q,10716000000.0,,1302000000.0,0.69,0.68,0.4,70950000000.0,13994000000.0,12747000000.0,3039000000.0,39739000000.0,1119000000.0,-881000000.0,99000000.0
DIS,2011-04-02,False,Q2,2011,10-Q,9077000000.0,,942000000.0,0.5,0.49,0.0,70588000000.0,13220000000.0,12803000000.0,3094000000.0,40312000000.0,3068000000.0,-1556000000.0,-1207000000.0
DIS,2011-07-02,False,Q3,2011,10-Q,10675000000.0,2731000000.0,1476000000.0,0.78,0.77,0.0,71105000000.0,13643000000.0,12766000000.0,3519000000.0,40922000000.0,4890000000.0,-2167000000.0,-2032000000.0
DIS,2011-10-01,False,FY,2011,10-K,40893000000.0,8825000000.0,4807000000.0,2.56,2.52,0.0,72124000000.0,13757000000.0,12088000000.0,3185000000.0,39453000000.0,6994000000.0,-3286000000.0,-3233000000.0
DIS,2011-12-31,False,Q1,2012,10-Q,10779000000.0,2444000000.0,1464000000.0,0.81,0.8,0.6,73877000000.0,15060000000.0,13524000000.0,3766000000.0,39423000000.0,1734000000.0,-978000000.0,-130000000.0
DIS,2012-03-31,False,Q2,2012,10-Q,9629000000.0,1945000000.0,1143000000.0,0.64,0.63,0.0,75233000000.0,14537000000.0,12724000000.0,3731000000.0,39912000000.0,3546000000.0,-2781000000.0,-226000000.0
DIS,2012-06-30,False,Q3,2012,10-Q,11088000000.0,3236000000.0,1831000000.0,1.02,1.01,0.0,75291000000.0,14754000000.0,11117000000.0,4374000000.0,42073000000.0,6431000000.0,-3470000000.0,-1680000000.0
DIS,2012-09-29,False,FY,2012,10-K,42278000000.0,9964000000.0,5682000000.0,3.17,3.13,0.0,74898000000.0,13709000000.0,12813000000.0,3387000000.0,41958000000.0,7966000000.0,-4759000000.0,-2985000000.0
DIS,2012-12-29,False,Q1,2013,10-Q,11341000000.0,2380000000.0,1382000000.0,0.78,0.77,0.75,80642000000.0,14322000000.0,14498000000.0,3207000000.0,43370000000.0,1144000000.0,-2465000000.0,1136000000.0
DIS,2013-03-30,False,Q2,2013,10-Q,10554000000.0,2509000000.0,1513000000.0,0.84,0.83,0.0,81358000000.0,15003000000.0,13453000000.0,3952000000.0,44144000000.0,3304000000.0,-2990000000.0,310000000.0
DIS,2013-06-29,False,Q3,2013,10-Q,11578000000.0,3351000000.0,1847000000.0,1.02,1.01,0.0,80565000000.0,14205000000.0,11341000000.0,3932000000.0,45907000000.0,6717000000.0,-3662000000.0,-2436000000.0
DIS,2013-09-28,False,FY,2013,10-K,45041000000.0,10724000000.0,6136000000.0,3.42,3.38,0.0,81241000000.0,14109000000.0,11704000000.0,3931000000.0,48150000000.0,9452000000.0,-4676000000.0,-4214000000.0
DIS,2013-12-28,False,Q1,2014,10-Q,12309000000.0,3020000000.0,1840000000.0,1.04,1.03,0.86,83166000000.0,15763000000.0,15696000000.0,4397000000.0,47296000000.0,1212000000.0,-527000000.0,-237000000.0
DIS,2014-03-29,False,Q2,2014,10-Q,11649000000.0,3353000000.0,1917000000.0,1.1,1.08,0.0,82580000000.0,15046000000.0,15162000000.0,4078000000.0,47640000000.0,3739000000.0,-1011000000.0,-2438000000.0
DIS,2014-06-28,False,Q3,2014,10-Q,12466000000.0,3857000000.0,2245000000.0,1.3,1.28,0.0,83723000000.0,15205000000.0,13351000000.0,4090000000.0,48612000000.0,6675000000.0,-2292000000.0,-4090000000.0
DIS,2014-09-27,False,FY,2014,10-K,48813000000.0,13005000000.0,7501000000.0,4.31,4.26,0.86,84186000000.0,15176000000.0,13292000000.0,3421000000.0,48178000000.0,9780000000.0,-3345000000.0,-6710000000.0
DIS,2014-12-27,False,Q1,2015,10-Q,13391000000.0,3545000000.0,2182000000.0,1.28,1.27,1.15,87035000000.0,17240000000.0,16804000000.0,5077000000.0,47793000000.0,1855000000.0,-991000000.0,897000000.0
DIS,2015-03-28,False,Q2,2015,10-Q,12461000000.0,3482000000.0,2108000000.0,1.24,1.23,0.0,85715000000.0,15646000000.0,13410000000.0,3745000000.0,49737000000.0,4773000000.0,-1827000000.0,-2345000000.0
DIS,2015-06-27,False,Q3,2015,10-Q,13101000000.0,4120000000.0,2483000000.0,1.46,1.45,0.66,87367000000.0,16512000000.0,14826000000.0,4475000000.0,50507000000.0,7581000000.0,-3055000000.0,-3241000000.0
DIS,2015-10-03,False,FY,2015,10-K,52465000000.0,14681000000.0,8382000000.0,4.95,4.9,1.81,88182000000.0,16758000000.0,16334000000.0,4269000000.0,48655000000.0,10909000000.0,-4245000000.0,-5514000000.0
DIS,2016-01-02,False,Q1,2016,10-Q,15244000000.0,4267000000.0,2880000000.0,1.74,1.73,0.71,90121000000.0,17768000000.0,18796000000.0,4301000000.0,48198000000.0,2362000000.0,-1798000000.0,-468000000.0
DIS,2016-04-02,False,Q2,2016,10-Q,12969000000.0,3822000000.0,2143000000.0,1.31,1.3,0.0,90264000000.0,16999000000.0,17073000000.0,5015000000.0,48010000000.0,5762000000.0,-3038000000.0,-1981000000.0
DIS,2016-07-02,False,Q3,2016,10-Q,14277000000.0,4456000000.0,2597000000.0,1.6,1.59,0.71,90914000000.0,17617000000.0,18072000000.0,5227000000.0,48146000000.0,9386000000.0,-4226000000.0,-4091000000.0
DIS,2016-10-01,False,FY,2016,10-K,55632000000.0,15721000000.0,9391000000.0,5.76,5.73,1.42,92033000000.0,16966000000.0,16842000000.0,4610000000.0,47323000000.0,13213000000.0,-5758000000.0,-6991000000.0
DIS,2016-12-31,False,Q1,2017,10-Q,14784000000.0,3956000000.0,2479000000.0,1.56,1.55,0.78,91576000000.0,16665000000.0,19317000000.0,3736000000.0,47177000000.0,1260000000.0,-1035000000.0,-987000000.0
DIS,2017-04-01,False,Q2,2017,10-Q,13336000000.0,3996000000.0,2388000000.0,1.51,1.5,0.0,91807000000.0,16270000000.0,17365000000.0,3800000000.0,47267000000.0,4698000000.0,-2390000000.0,-3049000000.0
DIS,2017-07-01,False,Q3,2017,10-Q,14238000000.0,4011000000.0,2366000000.0,1.51,1.51,0.78,92752000000.0,17151000000.0,17094000000.0,4336000000.0,46051000000.0,8831000000.0,-3290000000.0,-5792000000.0
DIS,2017-09-30,False,FY,2017,10-K,55137000000.0,14775000000.0,8980000000.0,5.73,5.69,1.56,95789000000.0,15889000000.0,19595000000.0,4017000000.0,45004000000.0,12343000000.0,-4111000000.0,-8959000000.0
