symbol,end_date,amend,period_focus,fiscal_year,doc_type,revenues,op_income,net_income,eps_basic,eps_diluted,dividend,assets,cur_assets,cur_liab,cash,equity,cash_flow_op,cash_flow_inv,cash_flow_fin
ESRX,2012-03-31,False,Q1,2012,10-Q,12132600000.0,564500000.0,267800000.0,0.55,0.55,0.0,19608200000.0,12104100000.0,5667300000.0,9577700000.0,2775500000.0,530100000.0,-29000000.0,3455100000.0
ESRX,2012-06-30,False,Q2,2012,10-Q,27692500000.0,532100000.0,170900000.0,0.21,0.21,0.0,58058500000.0,9661300000.0,12843800000.0,1420000000.0,22128300000.0,1256200000.0,-10361400000.0,4905300000.0
ESRX,2012-09-30,False,Q3,2012,10-Q,26999400000.0,798500000.0,391400000.0,0.48,0.47,0.0,57307700000.0,9432500000.0,11792900000.0,1248400000.0,22744900000.0,2049400000.0,-10374300000.0,3950700000.0
ESRX,2012-12-31,False,FY,2012,10-K,93858100000.0,2784500000.0,1312900000.0,1.8,1.76,0.0,58111200000.0,10756900000.0,13057400000.0,2793900000.0,23395700000.0,4781600000.0,-10391700000.0,2823600000.0
ESRX,2013-03-31,False,Q1,2013,10-Q,26063000000.0,841900000.0,373000000.0,0.46,0.45,0.0,55585700000.0,8707900000.0,11524100000.0,1990000000.0,23627500000.0,963400000.0,-113900000.0,-1652100000.0
ESRX,2013-06-30,False,Q2,2013,10-Q,26425000000.0,990300000.0,543000000.0,0.67,0.66,0.0,54581500000.0,8302800000.0,10618300000.0,1342200000.0,23876700000.0,782500000.0,-117800000.0,-2138100000.0
ESRX,2013-09-30,False,Q3,2013,10-Q,25915600000.0,875500000.0,426700000.0,0.53,0.52,0.0,54763000000.0,9224200000.0,11226200000.0,1722300000.0,23719100000.0,1822400000.0,10000000.0,-2922000000.0
ESRX,2013-12-31,False,FY,2013,10-K,104098800000.0,3551700000.0,1844600000.0,2.28,2.25,0.0,53548200000.0,8491400000.0,13235300000.0,1991400000.0,21844800000.0,4757500000.0,-72100000.0,-5494800000.0
ESRX,2014-03-31,False,Q1,2014,10-Q,23685000000.0,709200000.0,328300000.0,0.42,0.42,0.0,52747100000.0,8134400000.0,13574900000.0,1850400000.0,21885300000.0,454000000.0,-115100000.0,-477400000.0
ESRX,2014-06-30,False,Q2,2014,10-Q,25111000000.0,966000000.0,515200000.0,0.68,0.67,0.0,54633800000.0,10452400000.0,15984400000.0,2835200000.0,20458600000.0,1189500000.0,-202100000.0,-143400000.0
ESRX,2014-09-30,False,Q3,2014,10-Q,25778500000.0,984400000.0,582300000.0,0.79,0.78,0.0,53439200000.0,9704700000.0,15922500000.0,834800000.0,20168300000.0,1624600000.0,-319300000.0,-2458500000.0
ESRX,2014-12-31,False,FY,2014,10-K,100887100000.0,3602400000.0,2007600000.0,2.68,2.64,0.0,53798900000.0,10568100000.0,17016900000.0,1832600000.0,20064000000.0,4549000000.0,-411900000.0,-4289700000.0
ESRX,2015-03-31,False,Q1,2015,10-Q,24899600000.0,826600000.0,441100000.0,0.61,0.6,0.0,51905100000.0,9171500000.0,14900200000.0,905800000.0,20614700000.0,281400000.0,-68000000.0,-1136500000.0
ESRX,2015-06-30,False,Q2,2015,10-Q,25454200000.0,1132700000.0,600100000.0,0.89,0.88,0.0,51867800000.0,9637700000.0,15868800000.0,721000000.0,15831000000.0,1181300000.0,-104900000.0,-2185700000.0
ESRX,2015-09-30,False,Q3,2015,10-Q,25222600000.0,1166200000.0,661700000.0,0.98,0.97,0.0,51996500000.0,10274400000.0,16013800000.0,438200000.0,16546200000.0,1974300000.0,-157900000.0,-3204100000.0
ESRX,2015-12-31,False,FY,2015,10-K,101751800000.0,4339300000.0,2476400000.0,3.59,3.56,0.0,53243300000.0,12059500000.0,17155300000.0,3186300000.0,17380500000.0,4848300000.0,-268500000.0,-3217000000.0
ESRX,2016-03-31,False,Q1,2016,10-Q,24791800000.0,940800000.0,526100000.0,0.82,0.81,0.0,51107600000.0,10399800000.0,17236900000.0,1771100000.0,14849200000.0,751200000.0,-79800000.0,-2090400000.0
ESRX,2016-06-30,False,Q2,2016,10-Q,25222300000.0,1256300000.0,720700000.0,1.14,1.13,0.0,50858600000.0,10614500000.0,19136500000.0,1324400000.0,15410800000.0,1190100000.0,-161900000.0,-2894000000.0
ESRX,2016-09-30,False,Q3,2016,10-Q,25410100000.0,1416000000.0,722900000.0,1.16,1.15,0.0,50909300000.0,11123000000.0,15978500000.0,2304700000.0,15609000000.0,2670500000.0,-245200000.0,-3309500000.0
ESRX,2016-12-31,False,FY,2016,10-K,100287500000.0,5087800000.0,3404400000.0,5.43,5.39,0.0,51744900000.0,12363400000.0,16428100000.0,3077200000.0,16243800000.0,4919400000.0,-351900000.0,-4677800000.0
ESRX,2017-03-31,False,Q1,2017,10-Q,24654900000.0,1054600000.0,546300000.0,0.91,0.9,0.0,51056000000.0,12089200000.0,17041700000.0,3163800000.0,15929600000.0,1000400000.0,-48100000.0,-866500000.0
ESRX,2017-06-30,False,Q2,2017,10-Q,25347500000.0,1378600000.0,801800000.0,1.38,1.37,0.0,50513400000.0,11636800000.0,16779300000.0,2352500000.0,15750100000.0,2081600000.0,-235500000.0,-2573800000.0
ESRX,2017-09-30,False,Q3,2017,10-Q,24683400000.0,1478400000.0,841700000.0,1.47,1.46,0.0,51206200000.0,12679000000.0,17356800000.0,3395900000.0,15922300000.0,3981500000.0,-311300000.0,-3356900000.0
