symbol,end_date,amend,period_focus,fiscal_year,doc_type,revenues,op_income,net_income,eps_basic,eps_diluted,dividend,assets,cur_assets,cur_liab,cash,equity,cash_flow_op,cash_flow_inv,cash_flow_fin
FISV,2009-06-30,False,Q2,2009,10-Q,1032000000.0,232000000.0,140000000.0,0.9,0.9,0.0,9190000000.0,2073000000.0,1781000000.0,309000000.0,2836000000.0,378000000.0,-93000000.0,-269000000.0
FISV,2009-09-30,False,Q3,2009,10-Q,992000000.0,231000000.0,115000000.0,0.75,0.74,0.0,9096000000.0,1995000000.0,1589000000.0,278000000.0,2914000000.0,639000000.0,-213000000.0,-428000000.0
FISV,2009-12-31,False,FY,2009,10-K,4077000000.0,946000000.0,476000000.0,3.08,3.06,0.0,8378000000.0,1277000000.0,1161000000.0,363000000.0,3026000000.0,850000000.0,-248000000.0,-601000000.0
FISV,2010-03-31,False,Q1,2010,10-Q,1008000000.0,238000000.0,121000000.0,0.79,0.79,0.0,8309000000.0,1244000000.0,990000000.0,416000000.0,3118000000.0,260000000.0,-35000000.0,-171000000.0
FISV,2010-06-30,False,Q2,2010,10-Q,1022000000.0,251000000.0,127000000.0,0.84,0.83,0.0,8182000000.0,1146000000.0,846000000.0,338000000.0,3121000000.0,431000000.0,-78000000.0,-373000000.0
FISV,2010-09-30,False,Q3,2010,10-Q,1025000000.0,251000000.0,132000000.0,0.88,0.87,0.0,8614000000.0,1733000000.0,1114000000.0,743000000.0,3228000000.0,654000000.0,-142000000.0,-155000000.0
FISV,2010-12-31,False,FY,2010,10-K,4133000000.0,1007000000.0,496000000.0,3.3,3.27,0.0,8281000000.0,1417000000.0,891000000.0,563000000.0,3229000000.0,958000000.0,-116000000.0,-671000000.0
FISV,2011-03-31,False,Q1,2011,10-Q,1048000000.0,221000000.0,112000000.0,0.77,0.76,0.0,8257000000.0,1346000000.0,946000000.0,517000000.0,3138000000.0,283000000.0,-111000000.0,-218000000.0
FISV,2011-06-30,False,Q2,2011,10-Q,1065000000.0,251000000.0,90000000.0,0.63,0.62,0.0,8396000000.0,1523000000.0,1154000000.0,675000000.0,3086000000.0,418000000.0,-155000000.0,-144000000.0
FISV,2011-09-30,False,Q3,2011,10-Q,1063000000.0,243000000.0,127000000.0,0.9,0.89,0.0,8451000000.0,1211000000.0,1042000000.0,281000000.0,3152000000.0,681000000.0,-617000000.0,-339000000.0
FISV,2011-12-31,False,FY,2011,10-K,4337000000.0,996000000.0,472000000.0,3.31,3.28,0.0,8548000000.0,1356000000.0,1384000000.0,337000000.0,3258000000.0,953000000.0,-665000000.0,-498000000.0
FISV,2012-03-31,False,Q1,2012,10-Q,1108000000.0,241000000.0,132000000.0,0.95,0.94,0.0,8484000000.0,1316000000.0,1353000000.0,311000000.0,3215000000.0,236000000.0,-58000000.0,-204000000.0
FISV,2012-06-30,False,Q2,2012,10-Q,1100000000.0,259000000.0,161000000.0,1.18,1.17,0.0,8416000000.0,1283000000.0,1235000000.0,302000000.0,3253000000.0,385000000.0,-98000000.0,-319000000.0
FISV,2012-09-30,False,Q3,2012,10-Q,1118000000.0,267000000.0,139000000.0,1.03,1.02,0.0,8453000000.0,1325000000.0,1051000000.0,307000000.0,3258000000.0,548000000.0,-122000000.0,-451000000.0
FISV,2012-12-31,False,FY,2012,10-K,4482000000.0,1056000000.0,611000000.0,4.5,4.44,0.0,8497000000.0,1412000000.0,1105000000.0,358000000.0,3417000000.0,835000000.0,-138000000.0,-706000000.0
FISV,2013-03-31,False,Q1,2013,10-Q,1152000000.0,211000000.0,117000000.0,0.88,0.86,0.0,9563000000.0,1453000000.0,1190000000.0,356000000.0,3497000000.0,222000000.0,-74000000.0,-188000000.0
FISV,2013-06-30,False,Q2,2013,10-Q,1198000000.0,273000000.0,151000000.0,1.14,1.13,0.0,9434000000.0,1454000000.0,1173000000.0,320000000.0,3463000000.0,397000000.0,-10000000.0,-457000000.0
FISV,2013-09-30,False,Q3,2013,10-Q,1201000000.0,280000000.0,159000000.0,1.22,1.21,0.0,9456000000.0,1527000000.0,1228000000.0,321000000.0,3460000000.0,681000000.0,-84000000.0,-661000000.0
FISV,2013-12-31,False,FY,2013,10-K,4814000000.0,1061000000.0,648000000.0,2.47,2.44,0.0,9513000000.0,1572000000.0,1332000000.0,400000000.0,3585000000.0,1039000000.0,-148000000.0,-873000000.0
FISV,2014-03-31,False,Q1,2014,10-Q,1234000000.0,271000000.0,168000000.0,0.66,0.65,0.0,9473000000.0,1547000000.0,1438000000.0,307000000.0,3443000000.0,292000000.0,-70000000.0,-315000000.0
FISV,2014-06-30,False,Q2,2014,10-Q,1253000000.0,307000000.0,166000000.0,0.66,0.65,0.0,9403000000.0,1525000000.0,1368000000.0,329000000.0,3475000000.0,569000000.0,-149000000.0,-491000000.0
FISV,2014-09-30,False,Q3,2014,10-Q,1263000000.0,315000000.0,239000000.0,0.96,0.95,0.0,9438000000.0,1579000000.0,1397000000.0,409000000.0,3462000000.0,960000000.0,-219000000.0,-731000000.0
FISV,2014-12-31,False,FY,2014,10-K,5066000000.0,1210000000.0,754000000.0,3.03,2.98,0.0,9337000000.0,1486000000.0,1486000000.0,294000000.0,3295000000.0,1307000000.0,-286000000.0,-1126000000.0
FISV,2015-03-31,False,Q1,2015,10-Q,1275000000.0,314000000.0,178000000.0,0.75,0.73,0.0,9335000000.0,1498000000.0,1501000000.0,296000000.0,3218000000.0,346000000.0,-90000000.0,-254000000.0
FISV,2015-06-30,False,Q2,2015,10-Q,1298000000.0,326000000.0,127000000.0,0.54,0.53,0.0,9588000000.0,1714000000.0,1336000000.0,530000000.0,3143000000.0,600000000.0,-203000000.0,-161000000.0
FISV,2015-09-30,False,Q3,2015,10-Q,1313000000.0,342000000.0,218000000.0,0.94,0.92,0.0,9387000000.0,1531000000.0,1411000000.0,309000000.0,2869000000.0,955000000.0,-296000000.0,-644000000.0
FISV,2015-12-31,False,FY,2015,10-K,5254000000.0,1311000000.0,712000000.0,3.04,2.99,0.0,9340000000.0,1506000000.0,1502000000.0,275000000.0,2660000000.0,1346000000.0,-360000000.0,-1005000000.0
FISV,2016-03-31,False,Q1,2016,10-Q,1331000000.0,339000000.0,289000000.0,1.3,1.27,0.0,9552000000.0,1476000000.0,1542000000.0,283000000.0,2684000000.0,509000000.0,-337000000.0,-164000000.0
FISV,2016-06-30,False,Q2,2016,10-Q,1363000000.0,362000000.0,212000000.0,0.95,0.94,0.0,9530000000.0,1486000000.0,1452000000.0,263000000.0,2642000000.0,687000000.0,-408000000.0,-291000000.0
FISV,2016-09-30,False,Q3,2016,10-Q,1380000000.0,369000000.0,214000000.0,0.98,0.96,0.0,9637000000.0,1600000000.0,1548000000.0,303000000.0,2569000000.0,1042000000.0,-486000000.0,-528000000.0
FISV,2016-12-31,False,FY,2016,10-K,5505000000.0,1445000000.0,930000000.0,4.22,4.15,0.0,9743000000.0,1728000000.0,1820000000.0,300000000.0,2541000000.0,1431000000.0,-554000000.0,-852000000.0
FISV,2017-03-31,False,Q1,2017,10-Q,1394000000.0,365000000.0,247000000.0,1.15,1.13,0.0,9696000000.0,1615000000.0,1790000000.0,308000000.0,2424000000.0,463000000.0,-154000000.0,-301000000.0
FISV,2017-06-30,False,Q2,2017,10-Q,1386000000.0,372000000.0,221000000.0,1.05,1.02,0.0,9685000000.0,1632000000.0,1707000000.0,299000000.0,2391000000.0,691000000.0,-194000000.0,-498000000.0
FISV,2017-09-30,False,Q3,2017,10-Q,1400000000.0,370000000.0,232000000.0,1.1,1.08,0.0,10199000000.0,1870000000.0,1850000000.0,325000000.0,2350000000.0,1015000000.0,-575000000.0,-415000000.0
