symbol,end_date,amend,period_focus,fiscal_year,doc_type,revenues,op_income,net_income,eps_basic,eps_diluted,dividend,assets,cur_assets,cur_liab,cash,equity,cash_flow_op,cash_flow_inv,cash_flow_fin
GPN,2010-08-31,False,Q1,2010,10-Q,440138000.0,82107000.0,49368000.0,0.62,0.61,0.02,1908745000.0,805269000.0,508011000.0,578213000.0,932157000.0,-104377000.0,-26820000.0,-61775000.0
GPN,2010-11-30,False,Q2,2011,10-Q,443526000.0,83143000.0,53505000.0,0.67,0.67,0.02,2056590000.0,928658000.0,605985000.0,663660000.0,998465000.0,-60916000.0,-56127000.0,2388000.0
GPN,2011-02-28,False,Q3,2011,10-Q,456382000.0,78199000.0,47789000.0,0.6,0.59,0.02,3052418000.0,1569712000.0,1237918000.0,1329065000.0,1239349000.0,733291000.0,-245277000.0,50008000.0
GPN,2011-05-31,False,FY,2011,10-K,1859802000.0,331594000.0,209238000.0,2.62,2.6,0.08,3350531000.0,1847975000.0,1444364000.0,1354285000.0,1337817000.0,709772000.0,-267020000.0,114123000.0
GPN,2011-08-31,False,Q1,2011,10-Q,542771000.0,108610000.0,63974000.0,0.8,0.79,0.02,2715158000.0,1237579000.0,802387000.0,723952000.0,1313734000.0,-605878000.0,-11568000.0,-11661000.0
GPN,2011-11-30,False,Q2,2011,10-Q,530505000.0,96580000.0,61181000.0,0.78,0.78,0.02,2614339000.0,1190410000.0,807424000.0,770860000.0,1293814000.0,-314066000.0,-40943000.0,-211805000.0
GPN,2012-02-29,False,Q3,2012,10-Q,533539000.0,92348000.0,57920000.0,0.74,0.73,0.02,2616971000.0,1126499000.0,752370000.0,735733000.0,1367307000.0,-226846000.0,-113467000.0,-267996000.0
GPN,2012-05-31,False,FY,2012,10-K,2203847000.0,307349000.0,188161000.0,2.39,2.37,0.08,2688143000.0,1248739000.0,837285000.0,781275000.0,1300921000.0,-173475000.0,-150433000.0,-218186000.0
GPN,2012-05-31,True,FY,2012,10-K,2203847000.0,307349000.0,188161000.0,2.39,2.37,0.08,2688143000.0,1248739000.0,837285000.0,781275000.0,1300921000.0,-173475000.0,-150433000.0,-218186000.0
GPN,2012-08-31,False,Q1,2013,10-Q,590287000.0,80488000.0,46675000.0,0.59,0.59,0.02,2805492000.0,1336881000.0,1045946000.0,841331000.0,1283020000.0,68627000.0,-28687000.0,5983000.0
GPN,2012-11-30,False,Q2,2013,10-Q,588538000.0,116582000.0,70183000.0,0.89,0.89,0.02,3428721000.0,1489920000.0,1037470000.0,998261000.0,1374801000.0,124793000.0,-462639000.0,537316000.0
GPN,2013-02-28,False,Q3,2013,10-Q,578746000.0,90774000.0,58462000.0,0.75,0.75,0.02,3076224000.0,1146862000.0,673828000.0,682960000.0,1285238000.0,204767000.0,-506285000.0,196148000.0
GPN,2013-05-31,False,FY,2013,10-K,2375923000.0,357213000.0,216125000.0,2.78,2.76,0.08,3125056000.0,1214492000.0,704114000.0,680470000.0,1286607000.0,240546000.0,-528567000.0,183522000.0
GPN,2013-08-31,False,Q1,2014,10-Q,629685000.0,107384000.0,64643000.0,0.88,0.87,0.02,3499490000.0,1590068000.0,1044820000.0,725887000.0,1204689000.0,-23187000.0,-18608000.0,92480000.0
GPN,2013-11-30,False,Q2,2014,10-Q,634122000.0,111907000.0,73897000.0,1.02,1.02,0.0,3981564000.0,2058308000.0,1573005000.0,1096833000.0,1231684000.0,411683000.0,-39072000.0,47518000.0
GPN,2014-02-28,False,Q3,2014,10-Q,616452000.0,97291000.0,55121000.0,0.77,0.76,0.0,3455715000.0,1533255000.0,688002000.0,1013560000.0,1263709000.0,314401000.0,-58271000.0,90968000.0
GPN,2014-05-31,False,FY,2014,10-K,2554236000.0,405499000.0,245286000.0,3.4,3.37,0.08,4018650000.0,1643444000.0,1211618000.0,581872000.0,1132799000.0,194098000.0,-501670000.0,218896000.0
GPN,2014-08-31,False,Q1,2015,10-Q,704895000.0,124398000.0,75366000.0,1.11,1.1,0.02,4339356000.0,2006724000.0,1579497000.0,595884000.0,1070513000.0,-63473000.0,-12183000.0,94085000.0
GPN,2014-11-30,False,Q2,2015,10-Q,697291000.0,123984000.0,74781000.0,1.11,1.1,0.0,4541587000.0,2025255000.0,1676133000.0,644469000.0,1022236000.0,226936000.0,-246194000.0,105005000.0
GPN,2015-02-28,False,Q3,2015,10-Q,664983000.0,104615000.0,62568000.0,0.94,0.93,0.0,4018320000.0,1593150000.0,1242700000.0,610148000.0,941628000.0,347085000.0,-278794000.0,10752000.0
GPN,2015-05-31,False,FY,2015,10-K,2773718000.0,456597000.0,278040000.0,4.15,4.12,0.08,5793548000.0,3302295000.0,3015904000.0,650739000.0,863553000.0,424701000.0,-440921000.0,141375000.0
GPN,2015-08-31,False,Q1,2016,10-Q,748796000.0,137772000.0,86646000.0,1.33,1.32,0.02,5472918000.0,2747038000.0,2390236000.0,803309000.0,917143000.0,513392000.0,-258388000.0,-90115000.0
GPN,2015-11-30,False,Q2,2016,10-Q,722350000.0,123165000.0,78771000.0,0.61,0.6,0.0,5328101000.0,2655821000.0,2267645000.0,988457000.0,926099000.0,454070000.0,-278180000.0,185731000.0
GPN,2016-02-29,False,Q3,2016,10-Q,679940000.0,107805000.0,69061000.0,0.53,0.53,0.0,4699101000.0,2065103000.0,1748132000.0,825500000.0,952750000.0,878019000.0,-299530000.0,-367807000.0
GPN,2016-05-31,False,FY,2016,10-K,2898150000.0,424944000.0,271666000.0,2.05,2.04,0.04,10509952000.0,2851313000.0,2430707000.0,1044728000.0,2877404000.0,585001000.0,-2127248000.0,1965487000.0
GPN,2016-08-31,False,Q1,2017,10-Q,939492000.0,121106000.0,85093000.0,0.55,0.55,0.01,10237780000.0,2584829000.0,2232172000.0,977776000.0,2905212000.0,155667000.0,-38227000.0,-175066000.0
GPN,2016-11-30,False,Q2,2017,10-Q,941821000.0,105267000.0,49452000.0,0.32,0.32,0.0,10113114000.0,2574963000.0,2209855000.0,995816000.0,2801837000.0,193543000.0,-80811000.0,-130651000.0
GPN,2017-03-31,False,Q1,2017,10-Q,919762000.0,104970000.0,48813000.0,0.32,0.32,0.01,9959716000.0,2399180000.0,2092862000.0,1261845000.0,2876291000.0,293965000.0,-46641000.0,-159965000.0
GPN,2017-06-30,False,Q2,2017,10-Q,962240000.0,131852000.0,66909000.0,0.44,0.44,0.0,10036781000.0,2516071000.0,2098464000.0,1080576000.0,3004638000.0,268061000.0,-86703000.0,-290949000.0
GPN,2017-09-30,False,Q3,2017,10-Q,1038907000.0,172471000.0,110740000.0,0.72,0.71,0.0,12281549000.0,3550297000.0,3123911000.0,1186050000.0,3694953000.0,360123000.0,-710157000.0,333124000.0
