symbol,end_date,amend,period_focus,fiscal_year,doc_type,revenues,op_income,net_income,eps_basic,eps_diluted,dividend,assets,cur_assets,cur_liab,cash,equity,cash_flow_op,cash_flow_inv,cash_flow_fin
GWW,2009-06-30,False,Q2,2009,10-Q,1533263000.0,153929000.0,92466000.0,1.23,1.21,0.46,3405765000.0,2025025000.0,581612000.0,416291000.0,2110678000.0,232610000.0,-49611000.0,-163802000.0
GWW,2009-09-30,False,Q3,2009,10-Q,1589665000.0,186720000.0,144564000.0,1.91,1.88,0.46,3745049000.0,2284794000.0,673844000.0,672035000.0,2363225000.0,509739000.0,-76898000.0,-161946000.0
GWW,2009-12-31,False,FY,2009,10-K,6221991000.0,665224000.0,430466000.0,5.7,5.62,1.78,3726332000.0,2131515000.0,776799000.0,459871000.0,2227199000.0,732396000.0,-262563000.0,-413530000.0
GWW,2010-03-31,False,Q1,2010,10-Q,1672354000.0,182885000.0,99173000.0,1.34,1.31,0.46,3810775000.0,2227823000.0,733908000.0,548469000.0,2358704000.0,113191000.0,-22891000.0,-7217000.0
GWW,2010-06-30,False,Q2,2010,10-Q,1783696000.0,214915000.0,129077000.0,1.76,1.73,0.54,3731928000.0,2122448000.0,798510000.0,388057000.0,2220216000.0,286284000.0,-67988000.0,-287076000.0
GWW,2010-09-30,False,Q3,2010,10-Q,1899412000.0,251273000.0,150405000.0,2.1,2.06,0.54,3789237000.0,2147557000.0,895260000.0,286508000.0,2148529000.0,491971000.0,-116511000.0,-549616000.0
GWW,2010-12-31,False,FY,2010,10-K,7182158000.0,860475000.0,510865000.0,7.05,6.93,2.08,3904377000.0,2238071000.0,869303000.0,313454000.0,2287670000.0,596445000.0,-169159000.0,-578587000.0
GWW,2011-03-31,False,Q1,2011,10-Q,1883612000.0,262614000.0,157933000.0,2.23,2.18,0.54,3933424000.0,2261702000.0,781967000.0,334696000.0,2399234000.0,118391000.0,-27951000.0,-73430000.0
GWW,2011-06-30,False,Q2,2011,10-Q,2003022000.0,265282000.0,169885000.0,2.39,2.34,0.66,4200435000.0,2506258000.0,1078773000.0,465705000.0,2574801000.0,309469000.0,-79812000.0,-85452000.0
GWW,2011-09-30,False,Q3,2011,10-Q,2114647000.0,303040000.0,182121000.0,2.56,2.51,0.66,4550645000.0,2577694000.0,1374608000.0,360663000.0,2631505000.0,559971000.0,-472091000.0,-32220000.0
GWW,2011-12-31,False,FY,2011,10-K,8078185000.0,1052429000.0,658423000.0,9.26,9.07,2.52,4716062000.0,2694900000.0,1387925000.0,335491000.0,2724279000.0,746108000.0,-535068000.0,-177446000.0
GWW,2012-03-31,False,Q1,2012,10-Q,2193445000.0,304361000.0,187516000.0,2.63,2.57,0.66,4751210000.0,2706198000.0,1230866000.0,338755000.0,2873549000.0,106238000.0,-39368000.0,-55445000.0
GWW,2012-06-30,False,Q2,2012,10-Q,2249275000.0,314000000.0,190704000.0,2.68,2.63,0.8,4761308000.0,2698731000.0,962912000.0,249746000.0,2894152000.0,238220000.0,-116701000.0,-208353000.0
GWW,2012-09-30,False,Q3,2012,10-Q,2281205000.0,254326000.0,155394000.0,2.19,2.15,0.8,4983744000.0,2874953000.0,1083201000.0,420803000.0,2968363000.0,576109000.0,-174072000.0,-322473000.0
GWW,2012-12-31,False,FY,2012,10-K,8950045000.0,1131125000.0,689881000.0,9.71,9.52,3.06,5014598000.0,2900640000.0,1080003000.0,452063000.0,3117366000.0,816195000.0,-305656000.0,-394436000.0
GWW,2013-03-31,False,Q1,2013,10-Q,2280435000.0,343305000.0,211838000.0,2.99,2.94,0.8,5013728000.0,2923428000.0,989422000.0,485516000.0,3218190000.0,176417000.0,-41478000.0,-97814000.0
GWW,2013-06-30,False,Q2,2013,10-Q,2381561000.0,350072000.0,217660000.0,3.08,3.03,0.93,5030135000.0,2962184000.0,986885000.0,488741000.0,3242195000.0,386823000.0,-88781000.0,-249986000.0
GWW,2013-09-30,False,Q3,2013,10-Q,2398530000.0,346715000.0,210789000.0,2.99,2.95,0.93,5251549000.0,3049097000.0,1074492000.0,539995000.0,3369139000.0,740428000.0,-272827000.0,-368493000.0
GWW,2013-12-31,False,FY,2013,10-K,9437758000.0,1296854000.0,797036000.0,11.31,11.13,3.59,5266328000.0,3044285000.0,1195790000.0,430644000.0,3326836000.0,986498000.0,-399427000.0,-590869000.0
GWW,2014-03-31,False,Q1,2014,10-Q,2385627000.0,354339000.0,216653000.0,3.11,3.07,0.93,5234229000.0,2995664000.0,1166137000.0,375564000.0,3328591000.0,167518000.0,-52179000.0,-165557000.0
GWW,2014-06-30,False,Q2,2014,10-Q,2506104000.0,340751000.0,205915000.0,2.97,2.94,1.08,5311312000.0,3030553000.0,1126453000.0,331707000.0,3448024000.0,328466000.0,-131595000.0,-297228000.0
GWW,2014-09-30,False,Q3,2014,10-Q,2562263000.0,385513000.0,227709000.0,3.33,3.3,1.08,5326416000.0,3043663000.0,1156783000.0,319734000.0,3476406000.0,662833000.0,-234924000.0,-530682000.0
GWW,2014-12-31,False,FY,2014,10-K,9964953000.0,1347117000.0,792205000.0,11.59,11.45,4.17,5284252000.0,2967549000.0,1261716000.0,226644000.0,3284101000.0,959814000.0,-384058000.0,-758123000.0
GWW,2015-03-31,False,Q1,2015,10-Q,2439661000.0,351247000.0,208786000.0,3.11,3.07,1.08,5210972000.0,2946641000.0,1297545000.0,243427000.0,3210269000.0,156209000.0,-92204000.0,-39996000.0
GWW,2015-06-30,False,Q2,2015,10-Q,2522565000.0,356717000.0,218388000.0,3.28,3.25,1.17,5826909000.0,3523746000.0,1047102000.0,819786000.0,3099438000.0,369505000.0,-170397000.0,401630000.0
GWW,2015-09-30,False,Q3,2015,10-Q,2532900000.0,340729000.0,190387000.0,2.94,2.92,1.17,5807153000.0,3104686000.0,1549197000.0,258151000.0,2446052000.0,735930000.0,-720041000.0,36600000.0
GWW,2015-12-31,False,FY,2015,10-K,9973384000.0,1300320000.0,761438000.0,11.69,11.58,4.59,5857755000.0,3048642000.0,1788534000.0,290136000.0,2352714000.0,989904000.0,-843358000.0,-62551000.0
GWW,2016-03-31,False,Q1,2016,10-Q,2506538000.0,317092000.0,184966000.0,3.0,2.98,1.17,5964839000.0,3138961000.0,1880440000.0,279906000.0,2364200000.0,153731000.0,-45385000.0,-131342000.0
GWW,2016-06-30,False,Q2,2016,10-Q,2563668000.0,305589000.0,171130000.0,2.81,2.79,1.22,5964804000.0,3190262000.0,1641344000.0,315997000.0,2242574000.0,326389000.0,-73535000.0,-241780000.0
GWW,2016-09-30,False,Q3,2016,10-Q,2596288000.0,322587000.0,184241000.0,3.07,3.05,1.22,5885509000.0,3129192000.0,1536311000.0,285981000.0,2161036000.0,670383000.0,-185396000.0,-499901000.0
GWW,2016-12-31,False,FY,2016,10-K,10137204000.0,1119497000.0,600501000.0,9.94,9.87,4.83,5694307000.0,3020229000.0,1628937000.0,274146000.0,1905768000.0,1002976000.0,-262264000.0,-754532000.0
GWW,2017-03-31,False,Q1,2017,10-Q,2541129000.0,295488000.0,173266000.0,2.95,2.93,1.22,5782549000.0,3096183000.0,1688430000.0,238801000.0,1916523000.0,180946000.0,-37529000.0,-183200000.0
GWW,2017-06-30,False,Q2,2017,10-Q,2615269000.0,232065000.0,97277000.0,1.68,1.67,1.28,5861881000.0,3186347000.0,1410578000.0,275065000.0,1848196000.0,372178000.0,-74835000.0,-304484000.0
GWW,2017-09-30,False,Q3,2017,10-Q,2635999000.0,281170000.0,160597000.0,2.8,2.79,1.28,5825060000.0,3175060000.0,1392523000.0,284575000.0,1901085000.0,720878000.0,-99638000.0,-619092000.0
