symbol,end_date,amend,period_focus,fiscal_year,doc_type,revenues,op_income,net_income,eps_basic,eps_diluted,dividend,assets,cur_assets,cur_liab,cash,equity,cash_flow_op,cash_flow_inv,cash_flow_fin
HAR,2010-03-31,False,Q3,2010,10-Q,848232000.0,30574000.0,18260000.0,0.26,0.26,0.0,2400155000.0,1506341000.0,815972000.0,300589000.0,1049152000.0,105568000.0,-162030000.0,-223364000.0
HAR,2010-06-30,False,FY,2010,10-K,3364428000.0,85555000.0,158769000.0,2.26,2.25,0.0,2556215000.0,1673979000.0,863451000.0,645570000.0,1134892000.0,240439000.0,66701000.0,-222260000.0
HAR,2010-09-30,False,Q1,2011,10-Q,836946000.0,42746000.0,27388000.0,0.39,0.39,0.0,2693521000.0,1795561000.0,910848000.0,567676000.0,1220269000.0,-21990000.0,-94689000.0,-7184000.0
HAR,2010-12-31,False,Q2,2011,10-Q,956081000.0,67819000.0,53052000.0,0.75,0.74,0.0,2718858000.0,1833386000.0,870401000.0,484280000.0,1277270000.0,90629000.0,-278795000.0,-14376000.0
HAR,2010-12-31,True,Q2,2011,10-Q,956081000.0,67819000.0,53052000.0,0.75,0.74,0.0,2718858000.0,1833386000.0,870401000.0,484280000.0,1277270000.0,90629000.0,-278795000.0,-14376000.0
HAR,2011-03-31,False,Q3,2011,10-Q,948196000.0,53647000.0,36600000.0,0.51,0.51,0.0,2941250000.0,2006051000.0,982749000.0,426696000.0,1353149000.0,135001000.0,-405083000.0,-7931000.0
HAR,2011-06-30,False,FY,2011,10-K,3772345000.0,190051000.0,135916000.0,1.91,1.9,0.1,3058495000.0,2108155000.0,1047581000.0,603892000.0,1423658000.0,331750000.0,-434500000.0,-8378000.0
HAR,2011-09-30,False,Q1,2012,10-Q,1050603000.0,74178000.0,48367000.0,0.68,0.67,0.3,3036381000.0,2061814000.0,999149000.0,398418000.0,1417215000.0,-102181000.0,-68262000.0,-11269000.0
HAR,2011-12-31,False,Q2,2012,10-Q,1127029000.0,95378000.0,59255000.0,0.83,0.82,0.0,3087001000.0,2118521000.0,1375174000.0,544803000.0,1469165000.0,20813000.0,-27099000.0,-21144000.0
HAR,2012-03-31,False,Q3,2012,10-Q,1095675000.0,59875000.0,172656000.0,2.41,2.38,0.0,3281984000.0,2195214000.0,1378128000.0,640558000.0,1655717000.0,32929000.0,40548000.0,-12379000.0
HAR,2012-06-30,False,FY,2012,10-K,4364078000.0,300246000.0,329541000.0,4.62,4.57,0.3,3169464000.0,2116245000.0,1381900000.0,617356000.0,1529611000.0,268507000.0,-64651000.0,-147646000.0
HAR,2012-09-30,False,Q1,2013,10-Q,998193000.0,79091000.0,54555000.0,1.58,0.79,0.6,3187551000.0,2146368000.0,1352587000.0,633935000.0,1574450000.0,-102400000.0,120755000.0,-10752000.0
HAR,2012-12-31,False,Q2,2013,10-Q,1055642000.0,68382000.0,47489000.0,1.37,0.68,0.0,3104815000.0,2061025000.0,967247000.0,526251000.0,1619297000.0,-52813000.0,73696000.0,-125806000.0
HAR,2013-03-31,False,Q3,2013,10-Q,1061772000.0,38262000.0,34873000.0,1.0,0.5,0.0,3219041000.0,2071588000.0,1058523000.0,422240000.0,1639949000.0,-37257000.0,30188000.0,-195600000.0
HAR,2013-06-30,False,FY,2013,10-K,4297842000.0,201251000.0,142407000.0,2.06,2.04,0.6,3235685000.0,2089052000.0,1077514000.0,454258000.0,1644871000.0,42136000.0,-10691000.0,-203411000.0
HAR,2013-09-30,False,Q1,2014,10-Q,1171805000.0,69382000.0,46452000.0,0.67,0.66,1.2,3428519000.0,2288435000.0,1236474000.0,515438000.0,1675564000.0,113036000.0,-18121000.0,-40675000.0
HAR,2013-12-31,False,Q2,2014,10-Q,1328024000.0,101856000.0,71629000.0,1.04,1.03,0.0,3485936000.0,2308087000.0,1272417000.0,518556000.0,1680929000.0,233914000.0,-71841000.0,-107524000.0
HAR,2014-03-31,False,Q3,2014,10-Q,1404235000.0,101433000.0,73385000.0,1.06,1.05,0.0,3668302000.0,2486790000.0,1392399000.0,566873000.0,1767175000.0,325540000.0,-104474000.0,-119573000.0
HAR,2014-06-30,False,FY,2014,10-K,5348483000.0,329727000.0,234692000.0,3.4,3.36,1.2,4125590000.0,2458871000.0,1485652000.0,581312000.0,1793021000.0,592140000.0,-612052000.0,136604000.0
HAR,2014-09-30,False,Q1,2015,10-Q,1428922000.0,115783000.0,82973000.0,1.2,1.18,0.33,4059314000.0,2422343000.0,1518768000.0,397762000.0,1852645000.0,13702000.0,-30361000.0,-143465000.0
HAR,2014-12-31,False,Q2,2015,10-Q,1583549000.0,148757000.0,116235000.0,1.67,1.65,0.0,4177654000.0,2524020000.0,1561778000.0,510262000.0,1950934000.0,223981000.0,-62145000.0,-197069000.0
HAR,2015-03-31,False,Q3,2015,10-Q,1464193000.0,91507000.0,70295000.0,1.0,0.99,0.0,4717865000.0,2742612000.0,1675639000.0,592359000.0,2164705000.0,305375000.0,-221412000.0,-14472000.0
HAR,2015-06-30,False,FY,2015,10-K,6155297000.0,469594000.0,342680000.0,4.89,4.84,1.32,5929752000.0,2948770000.0,2120368000.0,649513000.0,2392826000.0,552603000.0,-738466000.0,305186000.0
HAR,2015-09-30,False,Q1,2016,10-Q,1630888000.0,131467000.0,87099000.0,1.21,1.2,0.35,5811081000.0,2870154000.0,2078862000.0,402161000.0,2375505000.0,-152297000.0,-34749000.0,-97610000.0
HAR,2015-12-31,False,Q2,2016,10-Q,1772157000.0,159153000.0,112898000.0,1.57,1.55,0.0,5822778000.0,2878442000.0,2000421000.0,437536000.0,2464458000.0,19771000.0,-86879000.0,-133113000.0
HAR,2016-03-31,False,Q3,2016,10-Q,1628082000.0,135353000.0,88824000.0,1.23,1.22,0.0,5788397000.0,2790906000.0,1662873000.0,360420000.0,2474591000.0,81486000.0,-364021000.0,-2656000.0
HAR,2016-06-30,False,FY,2016,10-K,6911676000.0,580027000.0,361734000.0,5.03,4.99,1.4,6054042000.0,2918455000.0,1831806000.0,602300000.0,2452473000.0,446528000.0,-425876000.0,-57635000.0
HAR,2016-09-30,False,Q1,2017,10-Q,1759522000.0,150811000.0,103117000.0,1.45,1.45,0.35,6163850000.0,3033114000.0,1931887000.0,511705000.0,2508760000.0,69571000.0,-49018000.0,-113225000.0
HAR,2016-12-31,False,Q2,2017,10-Q,1947474000.0,174014000.0,99449000.0,1.4,1.39,0.0,6331623000.0,3251324000.0,2011374000.0,683351000.0,2576459000.0,310517000.0,-87264000.0,-129136000.0
