symbol,end_date,amend,period_focus,fiscal_year,doc_type,revenues,op_income,net_income,eps_basic,eps_diluted,dividend,assets,cur_assets,cur_liab,cash,equity,cash_flow_op,cash_flow_inv,cash_flow_fin
HOLX,2009-06-27,False,Q3,2009,10-Q,403120000.0,78746000.0,41000000.0,0.16,0.16,0.0,5718245000.0,794098000.0,296445000.0,243721000.0,2455173000.0,395624000.0,-51310000.0,-196362000.0
HOLX,2009-09-26,False,FY,2009,10-K,1637134000.0,-2016674000.0,-2176237000.0,-8.48,-8.48,0.0,5689828000.0,821516000.0,329290000.0,293186000.0,2512715000.0,546365000.0,-61519000.0,-288624000.0
HOLX,2009-12-26,False,Q1,2010,10-Q,412448000.0,71969000.0,26095000.0,0.1,0.1,0.0,5682224000.0,878842000.0,338232000.0,345042000.0,2757567000.0,125977000.0,-15276000.0,-58814000.0
HOLX,2010-03-27,False,Q2,2010,10-Q,418112000.0,61901000.0,20618000.0,0.08,0.08,0.0,5739874000.0,1000948000.0,445890000.0,431315000.0,2789974000.0,220099000.0,41014000.0,-122751000.0
HOLX,2010-06-26,False,Q3,2010,10-Q,420693000.0,78774000.0,27448000.0,0.11,0.1,0.0,5730870000.0,1048571000.0,393939000.0,491368000.0,2820355000.0,337941000.0,29943000.0,-168754000.0
HOLX,2010-09-25,False,FY,2010,10-K,1679552000.0,69937000.0,-62813000.0,-0.24,-0.24,0.0,5625834000.0,1098881000.0,441912000.0,515625000.0,2698549000.0,456712000.0,-66980000.0,-167575000.0
HOLX,2010-12-25,False,Q1,2011,10-Q,432571000.0,71720000.0,10940000.0,0.04,0.04,0.0,5665579000.0,1185200000.0,436215000.0,608036000.0,2754016000.0,135321000.0,-36332000.0,-6079000.0
HOLX,2011-03-26,False,Q2,2011,10-Q,438651000.0,155388000.0,82445000.0,0.32,0.31,0.0,5836243000.0,1158921000.0,406780000.0,572918000.0,2855436000.0,217191000.0,-158746000.0,-1072000.0
HOLX,2011-06-25,False,Q3,2011,10-Q,451082000.0,73916000.0,36196000.0,0.14,0.14,0.0,5937223000.0,1207796000.0,467138000.0,613801000.0,2910293000.0,337115000.0,-245673000.0,6315000.0
HOLX,2011-09-24,False,FY,2011,10-K,1789349000.0,374445000.0,157150000.0,0.6,0.59,0.0,6008780000.0,1342900000.0,509450000.0,712332000.0,2936895000.0,456024000.0,-266587000.0,7674000.0
HOLX,2011-12-24,False,Q1,2012,10-Q,472711000.0,66759000.0,20812000.0,0.08,0.08,0.0,6046084000.0,1437297000.0,511745000.0,793082000.0,2963788000.0,111731000.0,-24601000.0,-6314000.0
HOLX,2012-03-24,False,Q2,2012,10-Q,471165000.0,10134000.0,-40273000.0,-0.15,-0.15,0.0,6048256000.0,1491031000.0,593822000.0,854561000.0,2979483000.0,212835000.0,-31090000.0,-40126000.0
HOLX,2012-06-23,False,Q3,2012,10-Q,470228000.0,80527000.0,23594000.0,0.09,0.09,0.0,6026794000.0,1534984000.0,557107000.0,905082000.0,3004251000.0,284631000.0,-51924000.0,-39763000.0
HOLX,2012-09-29,False,FY,2012,10-K,2002652000.0,113717000.0,-73634000.0,-0.28,-0.28,0.0,10477108000.0,1563014000.0,661349000.0,560430000.0,2961031000.0,370222000.0,-3850784000.0,3328099000.0
HOLX,2012-12-29,False,Q1,2013,10-Q,631362000.0,63229000.0,3118000.0,0.01,0.01,0.0,10468555000.0,1660236000.0,1551753000.0,718471000.0,2984376000.0,155025000.0,15752000.0,-12581000.0
HOLX,2013-03-30,False,Q2,2013,10-Q,612663000.0,5542000.0,-51104000.0,-0.19,-0.19,0.0,10309206000.0,1607248000.0,1010306000.0,744996000.0,2990564000.0,169528000.0,66105000.0,-49864000.0
HOLX,2013-06-29,False,Q3,2013,10-Q,626136000.0,61152000.0,-10950000.0,-0.04,-0.04,0.0,10333203000.0,1751345000.0,1258923000.0,958444000.0,2996634000.0,415824000.0,40087000.0,-55345000.0
HOLX,2013-09-28,False,FY,2013,10-K,2492279000.0,-906282000.0,-1172838000.0,-4.36,-4.36,0.0,9000823000.0,1624143000.0,1088406000.0,822490000.0,1941513000.0,493822000.0,18754000.0,-248770000.0
HOLX,2013-12-28,False,Q1,2014,10-Q,612448000.0,61285000.0,-5351000.0,-0.02,-0.02,0.0,8484308000.0,1226939000.0,628257000.0,442488000.0,1950531000.0,149266000.0,-14383000.0,-514439000.0
HOLX,2014-03-29,False,Q2,2014,10-Q,625008000.0,50250000.0,-16765000.0,-0.06,-0.06,0.0,8362395000.0,1264560000.0,550683000.0,484522000.0,1980103000.0,218315000.0,-34569000.0,-521222000.0
HOLX,2014-06-28,False,Q3,2014,10-Q,632600000.0,76200000.0,11300000.0,0.04,0.04,0.0,8412000000.0,1432400000.0,597900000.0,632500000.0,2031300000.0,376700000.0,-51900000.0,-514400000.0
HOLX,2014-09-27,False,FY,2014,10-K,2530700000.0,279700000.0,17300000.0,0.06,0.06,0.0,8414700000.0,1565800000.0,619600000.0,736100000.0,2063000000.0,508400000.0,-67000000.0,-525100000.0
HOLX,2014-12-27,False,Q1,2015,10-Q,652800000.0,103500000.0,29200000.0,0.1,0.1,0.0,8078100000.0,1336600000.0,607800000.0,544000000.0,2102400000.0,153500000.0,-22000000.0,-321200000.0
HOLX,2015-03-28,False,Q2,2015,10-Q,655500000.0,109800000.0,47800000.0,0.17,0.17,0.0,8031800000.0,1416300000.0,1044200000.0,670500000.0,2168600000.0,311300000.0,-39000000.0,-332300000.0
HOLX,2015-06-27,False,Q3,2015,10-Q,693900000.0,116000000.0,29400000.0,0.1,0.1,0.0,8130500000.0,1628800000.0,1189200000.0,885000000.0,2237100000.0,553600000.0,-56800000.0,-343500000.0
HOLX,2015-09-26,False,FY,2015,10-K,2705000000.0,455100000.0,131600000.0,0.47,0.45,0.0,7670100000.0,1266400000.0,944000000.0,491300000.0,2079200000.0,786100000.0,-86100000.0,-936700000.0
HOLX,2015-12-26,False,Q1,2016,10-Q,695200000.0,126100000.0,84900000.0,0.3,0.29,0.0,7679500000.0,1387700000.0,915400000.0,650300000.0,2166300000.0,164300000.0,12300000.0,-15600000.0
HOLX,2016-03-26,False,Q2,2016,10-Q,693300000.0,136100000.0,68900000.0,0.24,0.24,0.0,7286300000.0,1092600000.0,841000000.0,316300000.0,2044400000.0,314400000.0,-14500000.0,-473600000.0
HOLX,2016-06-25,False,Q3,2016,10-Q,717400000.0,139400000.0,84800000.0,0.31,0.3,0.0,7306700000.0,1220000000.0,910800000.0,441500000.0,2042700000.0,560500000.0,-36100000.0,-572200000.0
HOLX,2016-09-24,False,FY,2016,10-K,2832700000.0,548600000.0,330800000.0,1.18,1.16,0.0,7317000000.0,1326600000.0,901900000.0,548400000.0,2142700000.0,787200000.0,-68400000.0,-659700000.0
HOLX,2016-12-31,False,Q1,2017,10-Q,734400000.0,146000000.0,86500000.0,0.31,0.3,0.0,7337800000.0,2338100000.0,1290700000.0,646000000.0,2228600000.0,169600000.0,-25200000.0,-40400000.0
HOLX,2017-04-01,False,Q2,2017,10-Q,715400000.0,-24500000.0,526800000.0,1.88,1.84,0.0,8706600000.0,2051800000.0,2375400000.0,1134600000.0,2797100000.0,253400000.0,423800000.0,-85500000.0
HOLX,2017-07-01,False,Q3,2017,10-Q,806100000.0,-45400000.0,59500000.0,0.21,0.21,0.0,8118000000.0,1536000000.0,1812800000.0,588400000.0,2865600000.0,-158300000.0,393600000.0,-198600000.0
HOLX,2017-09-30,False,FY,2017,10-K,3058800000.0,-115900000.0,755500000.0,2.7,2.64,0.0,7979600000.0,1478600000.0,1865500000.0,540600000.0,2784700000.0,8300000.0,285800000.0,-309200000.0
