symbol,end_date,amend,period_focus,fiscal_year,doc_type,revenues,op_income,net_income,eps_basic,eps_diluted,dividend,assets,cur_assets,cur_liab,cash,equity,cash_flow_op,cash_flow_inv,cash_flow_fin
ILMN,2010-07-04,False,Q2,2010,10-Q,212003000.0,47428000.0,29796000.0,0.24,0.21,0.0,1641885000.0,1088267000.0,481856000.0,237187000.0,1036960000.0,130323000.0,-119666000.0,77522000.0
ILMN,2010-10-03,False,Q3,2010,10-Q,237309000.0,57335000.0,35447000.0,0.28,0.24,0.0,1725221000.0,1140347000.0,500424000.0,210767000.0,1108121000.0,191092000.0,-214996000.0,89930000.0
ILMN,2011-01-02,False,FY,2011,10-K,902741000.0,211654000.0,124891000.0,1.01,0.87,0.0,1839113000.0,1258398000.0,534517000.0,248947000.0,1197675000.0,272573000.0,-285053000.0,116474000.0
ILMN,2011-04-03,False,Q1,2012,10-Q,282515000.0,69388000.0,24137000.0,0.19,0.16,0.0,2123149000.0,1511473000.0,345313000.0,410341000.0,1064226000.0,88578000.0,-152876000.0,225481000.0
ILMN,2011-07-03,False,Q2,2011,10-Q,287450000.0,66010000.0,30620000.0,0.25,0.22,0.0,2256986000.0,1623315000.0,284455000.0,261084000.0,1168304000.0,159798000.0,-425140000.0,276998000.0
ILMN,2011-10-02,False,Q3,2011,10-Q,235499000.0,36764000.0,20151000.0,0.17,0.15,0.0,2147059000.0,1504214000.0,297213000.0,229846000.0,1035540000.0,249840000.0,-358039000.0,89168000.0
ILMN,2012-01-01,False,FY,2011,10-K,1055535000.0,199461000.0,86628000.0,0.7,0.62,0.0,2195840000.0,1544619000.0,237580000.0,302978000.0,1075215000.0,358140000.0,-400999000.0,97016000.0
ILMN,2012-04-01,False,Q1,2012,10-Q,272770000.0,49612000.0,26202000.0,0.21,0.2,0.0,2301474000.0,1637291000.0,292926000.0,260194000.0,1160172000.0,65440000.0,-141870000.0,33616000.0
ILMN,2012-07-01,False,Q2,2012,10-Q,280607000.0,42980000.0,23401000.0,0.19,0.18,0.0,2348738000.0,1664372000.0,299141000.0,316412000.0,1180783000.0,161769000.0,-151518000.0,3352000.0
ILMN,2012-09-30,False,Q3,2012,10-Q,285874000.0,48814000.0,29748000.0,0.24,0.22,0.0,2437983000.0,1646236000.0,303099000.0,343089000.0,1222214000.0,212997000.0,-168623000.0,-4713000.0
ILMN,2012-12-30,False,FY,2012,10-K,1148516000.0,200752000.0,151254000.0,1.23,1.13,0.0,2566085000.0,1787048000.0,304571000.0,433981000.0,1318581000.0,291873000.0,-150012000.0,-10755000.0
ILMN,2013-03-31,False,Q1,2013,10-Q,330958000.0,-45147000.0,-22587000.0,-0.18,-0.18,0.0,2744188000.0,1550773000.0,409941000.0,443082000.0,1311827000.0,87840000.0,-65021000.0,-13006000.0
ILMN,2013-06-30,False,Q2,2013,10-Q,346094000.0,60006000.0,35877000.0,0.29,0.26,0.0,2823202000.0,1646391000.0,418880000.0,783611000.0,1388592000.0,176446000.0,182456000.0,-7222000.0
ILMN,2013-09-29,False,Q3,2013,10-Q,356800000.0,45464000.0,31357000.0,0.25,0.22,0.0,2817696000.0,1537646000.0,418925000.0,691836000.0,1374464000.0,259582000.0,81161000.0,-82275000.0
ILMN,2013-12-29,False,FY,2013,10-K,1421178000.0,134107000.0,125308000.0,1.0,0.9,0.0,3019006000.0,1617535000.0,322063000.0,711637000.0,1533202000.0,386421000.0,-69649000.0,-38719000.0
ILMN,2014-03-30,False,Q1,2014,10-Q,420781000.0,92096000.0,59977000.0,0.47,0.4,0.0,3053570000.0,1631943000.0,1149779000.0,518513000.0,1573613000.0,37087000.0,-144387000.0,-85924000.0
ILMN,2014-06-29,False,Q2,2014,10-Q,447568000.0,100239000.0,46605000.0,0.36,0.31,0.0,3035055000.0,1620721000.0,649207000.0,675221000.0,1080436000.0,215117000.0,-29610000.0,-222445000.0
ILMN,2014-09-28,False,Q3,2014,10-Q,480630000.0,119493000.0,93489000.0,0.66,0.63,0.0,3278206000.0,1906954000.0,856401000.0,829895000.0,1274313000.0,360722000.0,-73841000.0,-166950000.0
ILMN,2014-12-28,False,FY,2014,10-K,1861358000.0,514711000.0,353351000.0,2.61,2.37,0.0,3339640000.0,1889603000.0,722158000.0,636154000.0,1462798000.0,501271000.0,-406624000.0,-166748000.0
ILMN,2015-03-29,False,Q1,2015,10-Q,538565000.0,176126000.0,136658000.0,0.95,0.92,0.0,3499093000.0,2060281000.0,710251000.0,533537000.0,1623326000.0,66779000.0,-154147000.0,-12534000.0
ILMN,2015-06-28,False,Q2,2015,10-Q,539378000.0,151933000.0,102247000.0,0.71,0.69,0.0,3703125000.0,2237691000.0,725053000.0,591057000.0,1793912000.0,238224000.0,-296617000.0,15276000.0
ILMN,2015-09-27,False,Q3,2015,10-Q,550271000.0,140782000.0,118177000.0,0.81,0.79,0.0,3733548000.0,2210428000.0,583857000.0,551529000.0,1936567000.0,419218000.0,-335544000.0,-165621000.0
ILMN,2016-01-03,False,FY,2015,10-K,2219762000.0,612841000.0,461559000.0,3.19,3.1,0.0,3687747000.0,2096823000.0,610494000.0,768770000.0,1848553000.0,659596000.0,-106146000.0,-418762000.0
ILMN,2016-04-03,False,Q1,2016,10-Q,571763000.0,121445000.0,89587000.0,0.61,0.6,0.0,3793706000.0,2073798000.0,481228000.0,754910000.0,2070923000.0,39738000.0,-43553000.0,-12349000.0
ILMN,2016-07-03,False,Q2,2016,10-Q,600124000.0,161869000.0,120412000.0,0.83,0.82,0.0,3985090000.0,2143021000.0,581507000.0,951662000.0,2139912000.0,256785000.0,-16000.0,-75694000.0
ILMN,2016-10-02,False,Q3,2016,10-Q,607139000.0,160702000.0,128888000.0,0.88,0.87,0.0,4227827000.0,2277836000.0,628855000.0,794697000.0,2319677000.0,407085000.0,-341247000.0,-41221000.0
ILMN,2017-01-01,False,FY,2016,10-K,2398373000.0,587032000.0,462649000.0,3.09,3.07,0.0,4280600000.0,2318091000.0,704665000.0,734516000.0,2270235000.0,687238000.0,-514539000.0,-204713000.0
ILMN,2017-04-02,False,Q1,2017,10-Q,598000000.0,52000000.0,367000000.0,2.5,2.48,0.0,4598000000.0,2517000000.0,721000000.0,981000000.0,2551000000.0,168000000.0,163000000.0,-86000000.0
ILMN,2017-07-02,False,Q2,2017,10-Q,662000000.0,143000000.0,128000000.0,0.87,0.87,0.0,4858000000.0,2643000000.0,682000000.0,1219000000.0,2715000000.0,346000000.0,198000000.0,-62000000.0
ILMN,2017-10-01,False,Q3,2017,10-Q,714000000.0,181000000.0,163000000.0,1.12,1.11,0.0,5046000000.0,2805000000.0,665000000.0,1354000000.0,2855000000.0,581000000.0,101000000.0,-67000000.0
