symbol,end_date,amend,period_focus,fiscal_year,doc_type,revenues,op_income,net_income,eps_basic,eps_diluted,dividend,assets,cur_assets,cur_liab,cash,equity,cash_flow_op,cash_flow_inv,cash_flow_fin
INCY,2011-03-31,False,Q1,2011,10-Q,31973000.0,-15825000.0,-26512000.0,-0.21,-0.21,0.0,459606000.0,425968000.0,110182000.0,377843000.0,-103978000.0,-44222000.0,24000.0,4129000.0
INCY,2011-06-30,False,Q2,2011,10-Q,16811000.0,-41114000.0,-51870000.0,-0.41,-0.41,0.0,416663000.0,391923000.0,110667000.0,359074000.0,-136284000.0,-74958000.0,-521000.0,16641000.0
INCY,2011-09-30,False,Q3,2011,10-Q,16782000.0,-42104000.0,-53078000.0,-0.42,-0.42,0.0,371224000.0,346418000.0,120957000.0,312328000.0,-181020000.0,-121936000.0,-1362000.0,17714000.0
INCY,2011-12-31,False,FY,2011,10-K,94455000.0,-143183000.0,-186540000.0,-1.49,-1.49,0.0,328962000.0,310778000.0,135614000.0,273164000.0,-227077000.0,-161715000.0,-2501000.0,19468000.0
INCY,2012-03-31,False,Q1,2012,10-Q,36179000.0,-34188000.0,-45426000.0,-0.36,-0.36,0.0,293593000.0,276162000.0,142299000.0,231855000.0,-248857000.0,-54401000.0,-329000.0,13421000.0
INCY,2012-06-30,False,Q2,2012,10-Q,86542000.0,15219000.0,4037000.0,0.03,0.03,0.0,311971000.0,294158000.0,139731000.0,257563000.0,-217188000.0,-45677000.0,-1239000.0,31315000.0
INCY,2012-09-30,False,Q3,2012,10-Q,60492000.0,-10138000.0,-21710000.0,-0.17,-0.17,0.0,296535000.0,278728000.0,137641000.0,239083000.0,-219950000.0,-72822000.0,-1488000.0,40229000.0
INCY,2012-12-31,False,FY,2012,10-K,297059000.0,1148000.0,-44320000.0,-0.34,-0.34,0.0,330419000.0,309514000.0,136074000.0,224057000.0,-174957000.0,-94830000.0,-1988000.0,47711000.0
INCY,2013-03-31,False,Q1,2013,10-Q,71077000.0,-4097000.0,-15669000.0,-0.12,-0.12,0.0,330282000.0,309113000.0,121283000.0,265814000.0,-163526000.0,24738000.0,-758000.0,17777000.0
INCY,2013-06-30,False,Q2,2013,10-Q,101675000.0,17319000.0,-2571000.0,-0.02,-0.02,0.0,334219000.0,313369000.0,102958000.0,258202000.0,-27786000.0,32819000.0,-16460000.0,17786000.0
INCY,2013-09-30,False,Q3,2013,10-Q,85123000.0,-13183000.0,-22037000.0,-0.14,-0.14,0.0,357400000.0,333743000.0,109498000.0,272122000.0,28791000.0,20869000.0,-17463000.0,44659000.0
INCY,2013-12-31,False,FY,2013,10-K,354947000.0,-16102000.0,-83147000.0,-0.56,-0.56,0.0,629568000.0,555799000.0,108042000.0,471429000.0,-193108000.0,9180000.0,-37397000.0,275589000.0
INCY,2014-03-31,False,Q1,2014,10-Q,89792000.0,-22935000.0,-33957000.0,-0.21,-0.21,0.0,666826000.0,581170000.0,106944000.0,436585000.0,-162422000.0,-31694000.0,-47687000.0,44537000.0
INCY,2014-06-30,False,Q2,2014,10-Q,99582000.0,-26187000.0,-36873000.0,-0.22,-0.22,0.0,679107000.0,577145000.0,112547000.0,406264000.0,-170998000.0,-46251000.0,-76230000.0,57316000.0
INCY,2014-09-30,False,Q3,2014,10-Q,198147000.0,69943000.0,59293000.0,0.35,0.33,0.0,785265000.0,662614000.0,124660000.0,382004000.0,-89591000.0,-18464000.0,-134921000.0,63960000.0
INCY,2014-12-31,False,FY,2014,10-K,511495000.0,-4804000.0,-48481000.0,-0.29,-0.29,0.0,830069000.0,699214000.0,221515000.0,452297000.0,-81628000.0,26256000.0,-138439000.0,93057000.0
INCY,2015-03-31,False,Q1,2015,10-Q,159275000.0,-6935000.0,-18359000.0,-0.11,-0.11,0.0,862624000.0,692145000.0,225595000.0,421822000.0,-41413000.0,-4586000.0,-58575000.0,32686000.0
INCY,2015-06-30,False,Q2,2015,10-Q,162984000.0,-7394000.0,9294000.0,0.05,0.05,0.0,930337000.0,732990000.0,192472000.0,439681000.0,55174000.0,8804000.0,-85266000.0,63846000.0
INCY,2015-09-30,False,Q3,2015,10-Q,187611000.0,-101000.0,-39582000.0,-0.22,-0.22,0.0,931932000.0,757914000.0,155823000.0,445801000.0,88737000.0,16527000.0,-100481000.0,77458000.0
INCY,2015-12-31,False,FY,2015,10-K,300000000.0,50651000.0,6531000.0,0.04,0.03,0.0,1007440000.0,842375000.0,168007000.0,521439000.0,171155000.0,86536000.0,-105010000.0,87616000.0
INCY,2016-03-31,False,Q1,2016,10-Q,263464000.0,36039000.0,24047000.0,0.13,0.12,0.0,1103942000.0,935581000.0,200319000.0,657615000.0,227748000.0,97535000.0,28757000.0,9884000.0
INCY,2016-06-30,False,Q2,2016,10-Q,246288000.0,44589000.0,34425000.0,0.18,0.18,0.0,1417975000.0,792130000.0,198986000.0,487654000.0,297063000.0,115107000.0,-186524000.0,37647000.0
INCY,2016-09-30,False,Q3,2016,10-Q,269469000.0,22292000.0,36877000.0,0.2,0.19,0.0,1544195000.0,886660000.0,240545000.0,580099000.0,369986000.0,210378000.0,-196476000.0,44773000.0
INCY,2016-12-31,False,FY,2016,10-K,1105719000.0,144998000.0,104222000.0,0.55,0.54,0.0,1638597000.0,994178000.0,273501000.0,652343000.0,419467000.0,304756000.0,-232488000.0,58645000.0
INCY,2017-03-31,False,Q1,2017,10-Q,400000.0,-133304000.0,-187083000.0,-0.96,-0.96,0.0,1607347000.0,819175000.0,304716000.0,361823000.0,965934000.0,-173638000.0,-138819000.0,21944000.0
INCY,2017-06-30,False,Q2,2017,10-Q,900000.0,7200000.0,-12484000.0,-0.06,-0.06,0.0,1639443000.0,844803000.0,293161000.0,451754000.0,1026835000.0,-56844000.0,-176137000.0,32435000.0
INCY,2017-09-30,False,Q3,2017,10-Q,3200000.0,14958000.0,36054000.0,0.17,0.17,0.0,2374301000.0,1541322000.0,319935000.0,1128046000.0,1757750000.0,-3721000.0,-206976000.0,686446000.0
