symbol,end_date,amend,period_focus,fiscal_year,doc_type,revenues,op_income,net_income,eps_basic,eps_diluted,dividend,assets,cur_assets,cur_liab,cash,equity,cash_flow_op,cash_flow_inv,cash_flow_fin
IRM,2010-03-31,False,Q1,2010,10-Q,776506000.0,132691000.0,25566000.0,0.13,0.12,0.0625,6738679000.0,1090323000.0,725909000.0,325422000.0,2151940000.0,131167000.0,-233544000.0,-17155000.0
IRM,2010-06-30,False,Q2,2010,10-Q,779791000.0,150434000.0,41292000.0,0.2,0.2,0.0625,6647096000.0,1125234000.0,731650000.0,340479000.0,2116055000.0,268098000.0,-290568000.0,-79187000.0
IRM,2010-09-30,False,Q3,2010,10-Q,782574000.0,-83975000.0,-153776000.0,-0.76,-0.76,0.0625,6350918000.0,994610000.0,747166000.0,184173000.0,1967212000.0,445036000.0,-352556000.0,-355044000.0
IRM,2010-12-31,False,FY,2010,10-K,3127549000.0,323553000.0,-53900000.0,-0.27,-0.27,0.0,6395799000.0,1055178000.0,854934000.0,258693000.0,1963262000.0,625140000.0,-432670000.0,-381234000.0
IRM,2011-03-31,False,Q1,2011,10-Q,798954000.0,131693000.0,73460000.0,0.37,0.37,0.1875,6470102000.0,1018602000.0,807947000.0,189817000.0,2027986000.0,119337000.0,-98991000.0,-90511000.0
IRM,2011-06-30,False,Q2,2011,10-Q,762889000.0,147371000.0,252684000.0,1.25,1.24,0.25,6410699000.0,1069646000.0,798392000.0,271424000.0,2062109000.0,243057000.0,190487000.0,-423495000.0
IRM,2011-09-30,False,Q3,2011,10-Q,772082000.0,116797000.0,37338000.0,0.19,0.19,0.25,6391443000.0,1259943000.0,754689000.0,480879000.0,1713701000.0,410958000.0,134768000.0,-320634000.0
IRM,2011-12-31,False,FY,2011,10-K,3014703000.0,571199000.0,395538000.0,2.03,2.02,0.9375,6041258000.0,914450000.0,849030000.0,179845000.0,1254256000.0,615438000.0,78508000.0,-763808000.0
IRM,2012-03-31,False,Q1,2012,10-Q,746498000.0,141813000.0,55350000.0,0.32,0.32,0.25,6086622000.0,931999000.0,778140000.0,178293000.0,1268803000.0,74884000.0,-67032000.0,-14096000.0
IRM,2012-06-30,False,Q2,2012,10-Q,752165000.0,158687000.0,38055000.0,0.22,0.22,0.27,6087212000.0,891154000.0,780726000.0,170230000.0,1250324000.0,212190000.0,-228571000.0,7083000.0
IRM,2012-09-30,False,Q3,2012,10-Q,748125000.0,153966000.0,52809000.0,0.31,0.31,0.27,6327575000.0,1065984000.0,772615000.0,334583000.0,1299125000.0,300737000.0,-293297000.0,143700000.0
IRM,2012-12-31,False,FY,2012,10-K,3005255000.0,557027000.0,171708000.0,0.99,0.98,5.12,6358339000.0,1024092000.0,904953000.0,243415000.0,1162448000.0,432736000.0,-400200000.0,28230000.0
IRM,2013-03-31,False,Q1,2013,10-Q,747031000.0,122842000.0,19386000.0,0.1,0.1,0.27,6298180000.0,1001136000.0,844578000.0,229999000.0,1128077000.0,106605000.0,-100508000.0,-14088000.0
IRM,2013-06-30,False,Q2,2013,10-Q,754721000.0,131869000.0,26564000.0,0.14,0.14,0.27,6334819000.0,1045982000.0,1072925000.0,258866000.0,1093539000.0,213901000.0,-216413000.0,26918000.0
IRM,2013-09-30,False,Q3,2013,10-Q,755639000.0,140283000.0,4047000.0,0.02,0.02,0.27,6380779000.0,942478000.0,828500000.0,172031000.0,1072166000.0,334582000.0,-346662000.0,-49805000.0
IRM,2013-12-31,False,FY,2013,10-K,3025923000.0,492394000.0,97262000.0,0.51,0.51,1.08,6653005000.0,933607000.0,959101000.0,120526000.0,1057834000.0,507546000.0,-637687000.0,18564000.0
IRM,2014-03-31,False,Q1,2014,10-Q,770126000.0,142075000.0,41667000.0,0.22,0.22,0.27,6706617000.0,987629000.0,867850000.0,169906000.0,1051171000.0,55641000.0,-128903000.0,120839000.0
IRM,2014-06-30,False,Q2,2014,10-Q,786892000.0,147290000.0,271637000.0,1.41,1.4,0.2705,6735124000.0,962868000.0,901708000.0,145343000.0,1297150000.0,195601000.0,-234713000.0,59827000.0
IRM,2014-09-30,False,Q3,2014,10-Q,782697000.0,141476000.0,66000.0,0.0,0.0,4.096,6636339000.0,976386000.0,1598308000.0,183988000.0,467662000.0,301852000.0,-331292000.0,94833000.0
IRM,2014-12-31,False,FY,2014,10-K,3117693000.0,549277000.0,326119000.0,1.67,1.66,5.3713,6570342000.0,917719000.0,856736000.0,125933000.0,869955000.0,472948000.0,-479978000.0,19857000.0
IRM,2015-03-31,False,Q1,2015,10-Q,749286000.0,144934000.0,41096000.0,0.2,0.19,0.4747,6371454000.0,887473000.0,720331000.0,119605000.0,756502000.0,5512000.0,-76180000.0,68863000.0
IRM,2015-06-30,False,Q2,2015,10-Q,759734000.0,129502000.0,53330000.0,0.25,0.25,0.4752,6422577000.0,874727000.0,752135000.0,117098000.0,722225000.0,179738000.0,-150612000.0,-35469000.0
IRM,2015-09-30,False,Q3,2015,10-Q,746529000.0,126822000.0,23110000.0,0.11,0.11,0.4751,6669822000.0,1228298000.0,910777000.0,492899000.0,619777000.0,320095000.0,-229827000.0,285540000.0
IRM,2015-12-31,False,FY,2015,10-K,3007976000.0,524527000.0,123241000.0,0.58,0.58,1.91,6350587000.0,857912000.0,841831000.0,128381000.0,528607000.0,541760000.0,-422786000.0,-108511000.0
IRM,2016-03-31,False,Q1,2016,10-Q,750690000.0,130066000.0,62774000.0,0.3,0.3,0.4853,6422309000.0,831896000.0,748493000.0,117945000.0,521144000.0,81118000.0,-107281000.0,19261000.0
IRM,2016-06-30,False,Q2,2016,10-Q,883748000.0,96626000.0,-13968000.0,-0.06,-0.06,0.5174,9741054000.0,1289370000.0,982029000.0,236989000.0,2246030000.0,206750000.0,-402553000.0,312939000.0
IRM,2016-09-30,False,Q3,2016,10-Q,942822000.0,135454000.0,7080000.0,0.03,0.03,0.4852,9904916000.0,1467341000.0,1024027000.0,458128000.0,2150254000.0,422592000.0,-507120000.0,441337000.0
IRM,2016-12-31,False,FY,2016,10-K,3511453000.0,501606000.0,104824000.0,0.43,0.42,2.0427,9486800000.0,1112107000.0,1046557000.0,236484000.0,1936671000.0,543895000.0,-535991000.0,125373000.0
IRM,2017-03-31,False,Q1,2017,10-Q,938876000.0,147755000.0,58125000.0,0.22,0.22,0.5504,9672134000.0,1198637000.0,1418469000.0,295628000.0,1903774000.0,121837000.0,-104303000.0,36662000.0
IRM,2017-06-30,False,Q2,2017,10-Q,949806000.0,170194000.0,78630000.0,0.3,0.3,0.5504,9814693000.0,1205876000.0,1474606000.0,291019000.0,1857297000.0,319677000.0,-220970000.0,-61584000.0
IRM,2017-09-30,False,Q3,2017,10-Q,965661000.0,176756000.0,24345000.0,0.09,0.09,0.5534,10260006000.0,1328224000.0,1232369000.0,337886000.0,1868646000.0,518869000.0,-483401000.0,41480000.0
