symbol,end_date,amend,period_focus,fiscal_year,doc_type,revenues,op_income,net_income,eps_basic,eps_diluted,dividend,assets,cur_assets,cur_liab,cash,equity,cash_flow_op,cash_flow_inv,cash_flow_fin
ISRG,2009-06-30,False,Q2,2009,10-Q,260624000.0,99540000.0,62388000.0,1.65,1.62,0.0,1501282000.0,638058000.0,179000000.0,173421000.0,1271184000.0,173113000.0,-57434000.0,-136976000.0
ISRG,2009-09-30,False,Q3,2009,10-Q,280134000.0,104491000.0,64524000.0,1.69,1.64,0.0,1637811000.0,781225000.0,185599000.0,206095000.0,1390262000.0,269418000.0,-151224000.0,-107089000.0
ISRG,2009-12-31,False,FY,2009,10-K,1052168000.0,377439000.0,232606000.0,6.07,5.93,0.0,1809716000.0,846628000.0,202768000.0,221437000.0,1537283000.0,385055000.0,-292377000.0,-66169000.0
ISRG,2010-03-31,False,Q1,2010,10-Q,328600000.0,129700000.0,85300000.0,2.2,2.12,0.0,2016600000.0,1019500000.0,173800000.0,313600000.0,1770000000.0,115600000.0,-147600000.0,124700000.0
ISRG,2010-06-30,False,Q2,2010,10-Q,350700000.0,139700000.0,88700000.0,2.26,2.19,0.0,2243100000.0,1264100000.0,243300000.0,420000000.0,1924400000.0,291100000.0,-254200000.0,162800000.0
ISRG,2010-09-30,False,Q3,2010,10-Q,344400000.0,132100000.0,86600000.0,2.2,2.14,0.0,2351800000.0,1301500000.0,267300000.0,382000000.0,2008300000.0,404100000.0,-373400000.0,130300000.0
ISRG,2010-12-31,False,FY,2010,10-K,1413000000.0,555200000.0,381800000.0,9.74,9.47,0.0,2390400000.0,1275800000.0,273800000.0,279800000.0,2037400000.0,528000000.0,-476500000.0,7700000.0
ISRG,2011-03-31,False,Q1,2011,10-Q,388100000.0,148300000.0,104100000.0,2.66,2.59,0.0,2568300000.0,1483600000.0,252300000.0,449800000.0,2230900000.0,100300000.0,7300000.0,61600000.0
ISRG,2011-06-30,False,Q2,2011,10-Q,425700000.0,168100000.0,117400000.0,2.99,2.91,0.0,2649900000.0,1365300000.0,274000000.0,382000000.0,2288500000.0,296300000.0,-159800000.0,-35100000.0
ISRG,2011-09-30,False,Q3,2011,10-Q,446700000.0,178900000.0,122400000.0,3.13,3.05,0.0,2746000000.0,1311900000.0,284100000.0,298200000.0,2369000000.0,447900000.0,-324600000.0,-105300000.0
ISRG,2011-12-31,False,FY,2011,10-K,1757300000.0,694800000.0,495100000.0,12.63,12.32,0.0,3063100000.0,1466300000.0,320600000.0,465800000.0,2645600000.0,677600000.0,-479000000.0,-12400000.0
ISRG,2012-03-31,False,Q1,2012,10-Q,495200000.0,193300000.0,143500000.0,3.63,3.5,0.0,3332900000.0,1436100000.0,313600000.0,325900000.0,2927300000.0,166500000.0,-409700000.0,103100000.0
ISRG,2012-06-30,False,Q2,2012,10-Q,536500000.0,225300000.0,154900000.0,3.88,3.75,0.0,3626100000.0,1703300000.0,346800000.0,484400000.0,3182400000.0,383000000.0,-532300000.0,168000000.0
ISRG,2012-09-30,False,Q3,2012,10-Q,537800000.0,211400000.0,183300000.0,4.59,4.46,0.0,3732200000.0,1653100000.0,364900000.0,396200000.0,3293500000.0,597000000.0,-712600000.0,46100000.0
ISRG,2012-12-31,False,FY,2012,10-K,2178800000.0,878100000.0,656600000.0,16.5,15.98,0.0,4059200000.0,1892800000.0,401600000.0,553700000.0,3580100000.0,814200000.0,-845700000.0,119200000.0
ISRG,2013-03-31,False,Q1,2013,10-Q,611400000.0,251200000.0,188900000.0,4.69,4.56,0.0,4235800000.0,1894700000.0,377600000.0,427500000.0,3772200000.0,258000000.0,-348000000.0,-35800000.0
ISRG,2013-06-30,False,Q2,2013,10-Q,578500000.0,218500000.0,159100000.0,3.99,3.9,0.0,4201300000.0,1861000000.0,390900000.0,432700000.0,3718800000.0,447100000.0,-291000000.0,-276800000.0
ISRG,2013-09-30,False,Q3,2013,10-Q,499000000.0,174200000.0,156800000.0,4.06,3.99,0.0,3697400000.0,1733500000.0,367300000.0,586800000.0,3264300000.0,650900000.0,322200000.0,-940200000.0
ISRG,2013-12-31,False,FY,2013,10-K,2265100000.0,852500000.0,671000000.0,17.12,16.73,0.0,3950300000.0,1932400000.0,380900000.0,782100000.0,3501400000.0,880000000.0,259000000.0,-910600000.0
ISRG,2014-03-31,False,Q1,2014,10-Q,464700000.0,56600000.0,44300000.0,1.16,1.13,0.0,4194200000.0,2077600000.0,459500000.0,814000000.0,3656600000.0,166300000.0,-205300000.0,70600000.0
ISRG,2014-06-30,False,Q2,2014,10-Q,512200000.0,143000000.0,104000000.0,2.82,2.77,0.0,3404600000.0,1533400000.0,495900000.0,507600000.0,2822400000.0,320300000.0,308300000.0,-903400000.0
ISRG,2014-09-30,False,Q3,2014,10-Q,550100000.0,159100000.0,123700000.0,3.43,3.35,0.0,3651500000.0,1591900000.0,480500000.0,493000000.0,3084200000.0,470900000.0,49600000.0,-808800000.0
ISRG,2014-12-31,False,FY,2014,10-K,2131700000.0,544800000.0,418800000.0,11.35,11.11,0.0,3959400000.0,1847000000.0,501200000.0,600300000.0,3379400000.0,665100000.0,-153900000.0,-692400000.0
ISRG,2015-03-31,False,Q1,2015,10-Q,532100000.0,130400000.0,97000000.0,2.64,2.57,0.0,4126200000.0,1959300000.0,456900000.0,701100000.0,3585400000.0,123700000.0,-87700000.0,66000000.0
ISRG,2015-06-30,False,Q2,2015,10-Q,586100000.0,173800000.0,134500000.0,3.64,3.56,0.0,4354500000.0,2163200000.0,474400000.0,915400000.0,3792700000.0,308800000.0,-97600000.0,104800000.0
ISRG,2015-09-30,False,Q3,2015,10-Q,589700000.0,189900000.0,167300000.0,4.49,4.4,0.0,4682300000.0,2398800000.0,478600000.0,868200000.0,4115200000.0,488500000.0,-436400000.0,217200000.0
ISRG,2015-12-31,False,FY,2015,10-K,2384400000.0,740000000.0,588800000.0,15.87,15.54,0.0,4907300000.0,2195500000.0,491900000.0,714600000.0,4319500000.0,771900000.0,-849500000.0,193400000.0
ISRG,2016-03-31,False,Q1,2016,10-Q,594500000.0,179000000.0,136400000.0,3.62,3.54,0.0,5306300000.0,2406400000.0,452900000.0,980500000.0,4750400000.0,208500000.0,-191900000.0,248400000.0
ISRG,2016-06-30,False,Q2,2016,10-Q,670100000.0,245400000.0,184500000.0,4.82,4.71,0.0,5780800000.0,2827400000.0,489500000.0,1193500000.0,5181500000.0,458200000.0,-429100000.0,448900000.0
ISRG,2016-09-30,False,Q3,2016,10-Q,682900000.0,256400000.0,211000000.0,5.45,5.31,0.0,6174700000.0,2911400000.0,528100000.0,1021600000.0,5541800000.0,717800000.0,-970400000.0,558600000.0
ISRG,2016-12-31,False,FY,2016,10-K,2704400000.0,945200000.0,735900000.0,19.21,18.73,0.0,6486900000.0,3250400000.0,596500000.0,1036600000.0,5777800000.0,1042900000.0,-1279400000.0,558500000.0
ISRG,2017-03-31,False,Q1,2017,10-Q,674200000.0,191500000.0,179800000.0,4.82,4.67,0.0,4808000000.0,2167700000.0,558200000.0,708600000.0,4127500000.0,241500000.0,1308300000.0,-1878300000.0
ISRG,2017-06-30,False,Q2,2017,10-Q,756200000.0,257500000.0,221500000.0,5.99,5.77,0.0,5250800000.0,2642200000.0,599800000.0,696500000.0,4522300000.0,458000000.0,954500000.0,-1753600000.0
ISRG,2017-09-30,False,Q3,2017,10-Q,806100000.0,278600000.0,297500000.0,2.66,2.55,0.0,5644600000.0,2928900000.0,615700000.0,875000000.0,4959900000.0,811900000.0,694500000.0,-1670000000.0
