symbol,end_date,amend,period_focus,fiscal_year,doc_type,revenues,op_income,net_income,eps_basic,eps_diluted,dividend,assets,cur_assets,cur_liab,cash,equity,cash_flow_op,cash_flow_inv,cash_flow_fin
JBHT,2010-06-30,False,Q2,2010,10-Q,942776000.0,91347000.0,52113000.0,0.41,0.4,0.12,1900941000.0,423571000.0,527847000.0,7714000.0,571059000.0,208830000.0,-103997000.0,-104962000.0
JBHT,2010-09-30,False,Q3,2010,10-Q,986024000.0,91490000.0,52169000.0,0.42,0.41,0.12,1956009000.0,486265000.0,525216000.0,68560000.0,594458000.0,330237000.0,-145409000.0,-124111000.0
JBHT,2010-12-31,False,FY,2010,10-K,3793485000.0,347625000.0,199617000.0,1.6,1.56,0.48,1961660000.0,462645000.0,509949000.0,7651000.0,573021000.0,428078000.0,-226016000.0,-202254000.0
JBHT,2011-03-31,False,Q1,2011,10-Q,1000780000.0,89823000.0,50095000.0,0.41,0.4,0.13,2040372000.0,475567000.0,424977000.0,5393000.0,559266000.0,136583000.0,-112358000.0,-26483000.0
JBHT,2011-06-30,False,Q2,2011,10-Q,1149855000.0,113443000.0,65696000.0,0.55,0.53,0.13,2120861000.0,508151000.0,446134000.0,11149000.0,598339000.0,307673000.0,-210877000.0,-93298000.0
JBHT,2011-09-30,False,Q3,2011,10-Q,1171270000.0,118680000.0,68650000.0,0.58,0.57,0.13,2162656000.0,477390000.0,487215000.0,7747000.0,497631000.0,488209000.0,-323916000.0,-164197000.0
JBHT,2011-12-31,False,FY,2011,10-K,4526842000.0,444233000.0,257006000.0,2.16,2.11,0.52,2267332000.0,513542000.0,438515000.0,5450000.0,567543000.0,635692000.0,-445529000.0,-192364000.0
JBHT,2012-03-31,False,Q1,2012,10-Q,1165922000.0,116597000.0,67684000.0,0.58,0.57,0.14,2322862000.0,536086000.0,543420000.0,5713000.0,630296000.0,146272000.0,-83766000.0,-62243000.0
JBHT,2012-06-30,False,Q2,2012,10-Q,1255130000.0,137215000.0,80451000.0,0.69,0.67,0.14,2365276000.0,540425000.0,524361000.0,5887000.0,713273000.0,260579000.0,-170856000.0,-89286000.0
JBHT,2012-09-30,False,Q3,2012,10-Q,1295792000.0,133052000.0,78241000.0,0.66,0.65,0.14,2438342000.0,563257000.0,548675000.0,5659000.0,781190000.0,417339000.0,-279407000.0,-137723000.0
JBHT,2012-12-31,False,FY,2012,10-K,5054980000.0,530200000.0,310354000.0,2.64,2.59,0.71,2464641000.0,554532000.0,502760000.0,5589000.0,791860000.0,548044000.0,-369594000.0,-178311000.0
JBHT,2013-03-31,False,Q1,2013,10-Q,1291587000.0,125039000.0,73349000.0,0.62,0.61,0.15,2586119000.0,615198000.0,727221000.0,5747000.0,875772000.0,206759000.0,-115070000.0,-91531000.0
JBHT,2013-06-30,False,Q2,2013,10-Q,1382858000.0,147407000.0,87697000.0,0.75,0.73,0.15,2656316000.0,651562000.0,699106000.0,5923000.0,902239000.0,293571000.0,-211693000.0,-81544000.0
JBHT,2013-09-30,False,Q3,2013,10-Q,1435850000.0,150729000.0,89472000.0,0.76,0.75,0.15,2712434000.0,648032000.0,690338000.0,5968000.0,980477000.0,411228000.0,-333659000.0,-77190000.0
JBHT,2013-12-31,False,FY,2013,10-K,5584571000.0,576708000.0,342382000.0,2.92,2.87,0.45,2819404000.0,680203000.0,712296000.0,5831000.0,1012452000.0,574351000.0,-442541000.0,-131568000.0
JBHT,2014-03-31,False,Q1,2014,10-Q,1406908000.0,117307000.0,68664000.0,0.59,0.58,0.2,3115725000.0,842068000.0,662804000.0,124212000.0,1068125000.0,159045000.0,-158212000.0,117548000.0
JBHT,2014-06-30,False,Q2,2014,10-Q,1548000000.0,159230000.0,93408000.0,0.8,0.79,0.2,3091359000.0,739225000.0,514634000.0,5870000.0,1081117000.0,301001000.0,-352843000.0,51881000.0
JBHT,2014-09-30,False,Q3,2014,10-Q,1601156000.0,172100000.0,102414000.0,0.87,0.87,0.2,3158918000.0,737678000.0,790292000.0,5859000.0,1159819000.0,486365000.0,-479204000.0,-7133000.0
JBHT,2014-12-31,False,FY,2014,10-K,6165441000.0,631542000.0,374792000.0,3.2,3.16,0.8,3397117000.0,880130000.0,771070000.0,5961000.0,1204523000.0,646779000.0,-659681000.0,13032000.0
JBHT,2015-03-31,False,Q1,2015,10-Q,1440180000.0,155220000.0,91932000.0,0.79,0.78,0.21,3428997000.0,803512000.0,762331000.0,5646000.0,1277380000.0,255543000.0,-161344000.0,-94513000.0
JBHT,2015-06-30,False,Q2,2015,10-Q,1539957000.0,173735000.0,103419000.0,0.89,0.88,0.21,3485350000.0,786630000.0,776605000.0,5586000.0,1339205000.0,453537000.0,-319343000.0,-134569000.0
JBHT,2015-09-30,False,Q3,2015,10-Q,1586494000.0,193846000.0,115139000.0,1.0,0.99,0.21,3519264000.0,768171000.0,544048000.0,5542000.0,1249187000.0,696960000.0,-450755000.0,-246624000.0
JBHT,2015-12-31,False,FY,2015,10-K,6187646000.0,715694000.0,427235000.0,3.69,3.66,0.84,3636567000.0,859367000.0,532417000.0,5566000.0,1300352000.0,873308000.0,-576532000.0,-297171000.0
JBHT,2016-03-31,False,Q1,2016,10-Q,1528712000.0,167890000.0,100098000.0,0.89,0.88,0.22,3646958000.0,814930000.0,580714000.0,5992000.0,1286080000.0,304896000.0,-114460000.0,-190010000.0
JBHT,2016-06-30,False,Q2,2016,10-Q,1615026000.0,175792000.0,105011000.0,0.93,0.92,0.22,3697364000.0,827008000.0,552716000.0,11277000.0,1379425000.0,474138000.0,-257965000.0,-210462000.0
JBHT,2016-09-30,False,Q3,2016,10-Q,1690659000.0,182977000.0,109425000.0,0.97,0.97,0.22,3729994000.0,842401000.0,600845000.0,5481000.0,1385083000.0,683963000.0,-358771000.0,-325277000.0
JBHT,2016-12-31,False,FY,2016,10-K,6555459000.0,721020000.0,432090000.0,3.84,3.81,0.88,3828988000.0,945681000.0,573134000.0,6377000.0,1414061000.0,854143000.0,-485388000.0,-367944000.0
JBHT,2017-03-31,False,Q1,2017,10-Q,1629158000.0,149389000.0,102702000.0,0.93,0.92,0.23,3770395000.0,893341000.0,586525000.0,12261000.0,1372294000.0,285633000.0,-94474000.0,-185275000.0
JBHT,2017-06-30,False,Q2,2017,10-Q,1726915000.0,163615000.0,97869000.0,0.89,0.88,0.23,3778382000.0,908351000.0,608092000.0,7274000.0,1407721000.0,443447000.0,-168556000.0,-273994000.0
JBHT,2017-09-30,False,Q3,2017,10-Q,1843334000.0,164972000.0,100385000.0,0.92,0.91,0.23,4053923000.0,1006591000.0,681755000.0,7707000.0,1471970000.0,628549000.0,-456109000.0,-171110000.0
