symbol,end_date,amend,period_focus,fiscal_year,doc_type,revenues,op_income,net_income,eps_basic,eps_diluted,dividend,assets,cur_assets,cur_liab,cash,equity,cash_flow_op,cash_flow_inv,cash_flow_fin
KLAC,2010-09-30,False,Q1,2011,10-Q,682342000.0,235616000.0,154196000.0,0.92,0.91,0.25,4002865000.0,2933361000.0,763618000.0,538384000.0,2341257000.0,95528000.0,14155000.0,-110505000.0
KLAC,2010-12-31,False,Q2,2011,10-Q,766327000.0,268866000.0,185492000.0,1.11,1.09,0.25,4168461000.0,3126311000.0,793937000.0,596104000.0,2466234000.0,289453000.0,-43388000.0,-191295000.0
KLAC,2011-03-31,False,Q3,2011,10-Q,834059000.0,311779000.0,209783000.0,1.25,1.22,0.25,4449343000.0,3430891000.0,856737000.0,638758000.0,2673017000.0,533364000.0,-220644000.0,-217833000.0
KLAC,2011-06-30,False,FY,2011,10-K,3175167000.0,1160330000.0,794488000.0,4.75,4.66,1.0,4675521000.0,3676010000.0,882018000.0,711329000.0,2860893000.0,823166000.0,-359510000.0,-300155000.0
KLAC,2011-09-30,False,Q1,2012,10-Q,796476000.0,254289000.0,191995000.0,1.15,1.13,0.35,4565317000.0,3596919000.0,734219000.0,745947000.0,2934595000.0,218985000.0,-48708000.0,-133080000.0
KLAC,2011-12-31,False,Q2,2012,10-Q,642482000.0,159463000.0,110797000.0,0.67,0.66,0.35,4700988000.0,3749059000.0,829980000.0,824986000.0,2968472000.0,406217000.0,-60648000.0,-226909000.0
KLAC,2012-03-31,False,Q3,2012,10-Q,840521000.0,284274000.0,205346000.0,1.23,1.21,0.35,4933204000.0,3987327000.0,872355000.0,763913000.0,3158765000.0,668311000.0,-329780000.0,-278091000.0
KLAC,2012-06-30,False,FY,2012,10-K,3171944000.0,1016325000.0,756015000.0,4.53,4.44,1.4,5100308000.0,4164043000.0,862907000.0,751294000.0,3315595000.0,941617000.0,-528891000.0,-364103000.0
KLAC,2012-09-30,False,Q1,2013,10-Q,720709000.0,186557000.0,135367000.0,0.81,0.8,0.4,5065476000.0,4140957000.0,787101000.0,709942000.0,3352312000.0,245393000.0,-167121000.0,-123631000.0
KLAC,2012-12-31,False,Q2,2013,10-Q,673011000.0,153247000.0,106630000.0,0.64,0.63,0.4,5068763000.0,4136300000.0,781737000.0,767313000.0,3361136000.0,322836000.0,-69402000.0,-238233000.0
KLAC,2013-03-31,False,Q3,2013,10-Q,729029000.0,202246000.0,166382000.0,1.0,0.98,0.4,5194473000.0,4263656000.0,820008000.0,934201000.0,3446383000.0,737619000.0,-225039000.0,-324308000.0
KLAC,2013-06-30,False,FY,2013,10-K,2842781000.0,729685000.0,543149000.0,3.27,3.21,1.6,5287357000.0,4351503000.0,861532000.0,985390000.0,3482152000.0,913188000.0,-241447000.0,-428510000.0
KLAC,2013-09-30,False,Q1,2014,10-Q,658337000.0,149911000.0,111197000.0,0.67,0.66,0.45,5283552000.0,4354738000.0,835110000.0,904949000.0,3491163000.0,177248000.0,-136668000.0,-123733000.0
KLAC,2013-12-31,False,Q2,2014,10-Q,705129000.0,187982000.0,139246000.0,0.84,0.83,0.45,5440734000.0,4507534000.0,927999000.0,793382000.0,3550207000.0,292519000.0,-262788000.0,-221319000.0
KLAC,2014-03-31,False,Q3,2014,10-Q,831599000.0,261163000.0,203581000.0,1.22,1.21,0.45,5486851000.0,4542329000.0,887647000.0,776223000.0,3639928000.0,530246000.0,-395385000.0,-344360000.0
KLAC,2014-06-30,False,FY,2014,10-K,2929408000.0,772070000.0,582755000.0,3.51,3.47,1.8,5538664000.0,4586830000.0,895611000.0,630861000.0,3669346000.0,778886000.0,-676109000.0,-458887000.0
KLAC,2014-09-30,False,Q1,2015,10-Q,642901000.0,109153000.0,72233000.0,0.44,0.43,0.5,5301572000.0,4368537000.0,804837000.0,669683000.0,3529720000.0,34926000.0,225548000.0,-215520000.0
KLAC,2014-12-31,False,Q2,2015,10-Q,676357000.0,154714000.0,20268000.0,0.12,0.12,17.0,4987366000.0,4046248000.0,942340000.0,584865000.0,602139000.0,46010000.0,701315000.0,-781582000.0
KLAC,2015-03-31,False,Q3,2015,10-Q,738459000.0,194986000.0,131638000.0,0.81,0.81,0.5,4902220000.0,3967111000.0,976615000.0,621892000.0,493941000.0,288427000.0,760380000.0,-1043294000.0
KLAC,2015-06-30,False,FY,2015,10-K,2814049000.0,,366158000.0,2.26,2.24,18.5,4826012000.0,3904576000.0,1001763000.0,838025000.0,421439000.0,605906000.0,918221000.0,-1302972000.0
KLAC,2015-09-30,False,Q1,2016,10-Q,642644000.0,,104897000.0,0.67,0.66,0.52,4571323000.0,3675418000.0,915241000.0,763697000.0,294441000.0,193782000.0,31900000.0,-295633000.0
KLAC,2015-12-31,False,Q2,2016,10-Q,710245000.0,,152207000.0,0.98,0.98,0.52,4572516000.0,3684705000.0,858330000.0,886591000.0,365625000.0,294106000.0,173068000.0,-413337000.0
KLAC,2016-03-31,False,Q3,2016,10-Q,712433000.0,,175777000.0,1.13,1.12,0.52,4782102000.0,3906473000.0,997692000.0,925974000.0,476572000.0,405603000.0,213940000.0,-531511000.0
KLAC,2016-06-30,False,FY,2016,10-K,2984493000.0,,704422000.0,4.52,4.49,2.08,4962432000.0,3868032000.0,1002423000.0,1108488000.0,689114000.0,759696000.0,144687000.0,-636702000.0
KLAC,2016-09-30,False,Q1,2017,10-Q,750673000.0,,178101000.0,1.14,1.13,0.52,4996098000.0,3929162000.0,974741000.0,966325000.0,781509000.0,169777000.0,-167823000.0,-146689000.0
KLAC,2016-12-31,False,Q2,2017,10-Q,876885000.0,,238251000.0,1.52,1.52,0.54,5094456000.0,4031639000.0,1187736000.0,937033000.0,965096000.0,392190000.0,-308156000.0,-247603000.0
KLAC,2017-03-31,False,Q3,2017,10-Q,913809000.0,,253562000.0,1.62,1.61,0.54,5324445000.0,4253330000.0,1249186000.0,955807000.0,1147312000.0,617028000.0,-406527000.0,-359831000.0
KLAC,2017-06-30,False,FY,2017,10-K,3480014000.0,,926076000.0,5.92,5.88,2.14,5532173000.0,4392066000.0,1293162000.0,1153051000.0,1326417000.0,1079665000.0,-560886000.0,-472805000.0
KLAC,2017-09-30,False,Q1,2018,10-Q,969581000.0,,280936000.0,1.79,1.78,0.59,5690398000.0,4559496000.0,1466040000.0,1320697000.0,1463956000.0,373629000.0,112994000.0,-320132000.0
