symbol,end_date,amend,period_focus,fiscal_year,doc_type,revenues,op_income,net_income,eps_basic,eps_diluted,dividend,assets,cur_assets,cur_liab,cash,equity,cash_flow_op,cash_flow_inv,cash_flow_fin
LKQ,2012-06-30,False,Q2,2012,10-Q,1006531000.0,108567000.0,63998000.0,0.43,0.43,0.0,3425409000.0,1253007000.0,445322000.0,59353000.0,1813728000.0,121012000.0,-161458000.0,51461000.0
LKQ,2012-09-30,False,Q3,2012,10-Q,1016707000.0,91434000.0,54048000.0,0.18,0.18,0.0,3502575000.0,1296349000.0,464519000.0,69214000.0,1888641000.0,182072000.0,-193067000.0,31280000.0
LKQ,2012-12-31,False,FY,2012,10-K,4122930000.0,437953000.0,261225000.0,0.88,0.87,0.0,3723456000.0,1384351000.0,487944000.0,59770000.0,1964094000.0,206190000.0,-352534000.0,157072000.0
LKQ,2013-03-31,False,Q1,2013,10-Q,1195997000.0,141588000.0,84592000.0,0.28,0.28,0.0,3722699000.0,1399562000.0,504739000.0,62997000.0,2041229000.0,106433000.0,-34293000.0,-67913000.0
LKQ,2013-06-30,False,Q2,2013,10-Q,1251748000.0,131378000.0,75722000.0,0.25,0.25,0.0,4218315000.0,1658490000.0,559110000.0,161590000.0,2137653000.0,209490000.0,-347479000.0,241152000.0
LKQ,2013-09-30,False,Q3,2013,10-Q,1298094000.0,123395000.0,73445000.0,0.24,0.24,0.0,4361059000.0,1675651000.0,642513000.0,107337000.0,2254106000.0,340929000.0,-464777000.0,169319000.0
LKQ,2013-12-31,False,FY,2013,10-K,5062528000.0,530180000.0,311623000.0,1.04,1.02,0.0,4518774000.0,1799817000.0,677953000.0,150488000.0,2350745000.0,428056000.0,-505606000.0,165941000.0
LKQ,2014-03-31,False,Q1,2014,10-Q,1625777000.0,173834000.0,104653000.0,0.35,0.34,0.0,5209828000.0,2093481000.0,775915000.0,113246000.0,2471027000.0,97009000.0,-521287000.0,386213000.0
LKQ,2014-06-30,False,Q2,2014,10-Q,1709132000.0,173596000.0,104882000.0,0.35,0.34,0.0,5498845000.0,2240726000.0,750208000.0,109564000.0,2602516000.0,152204000.0,-702322000.0,506471000.0
LKQ,2014-09-30,False,Q3,2014,10-Q,1721024000.0,156188000.0,91515000.0,0.3,0.3,0.0,5534578000.0,2345538000.0,771388000.0,244646000.0,2667694000.0,322642000.0,-749871000.0,523410000.0
LKQ,2014-12-31,False,FY,2014,10-K,6740064000.0,649868000.0,381519000.0,1.26,1.25,0.0,5573492000.0,2317417000.0,750696000.0,114605000.0,2720657000.0,370897000.0,-920994000.0,519003000.0
LKQ,2015-03-31,False,Q1,2015,10-Q,1773912000.0,185926000.0,107095000.0,0.35,0.35,0.0,5522466000.0,2337179000.0,772314000.0,175492000.0,2779907000.0,180145000.0,-34276000.0,-80412000.0
LKQ,2015-06-30,False,Q2,2015,10-Q,1838070000.0,200285000.0,119722000.0,0.39,0.39,0.0,5634542000.0,2372621000.0,726365000.0,143423000.0,2954093000.0,282699000.0,-109180000.0,-144921000.0
LKQ,2015-09-30,False,Q3,2015,10-Q,1831732000.0,166745000.0,101346000.0,0.33,0.33,0.0,5704032000.0,2387143000.0,797698000.0,137086000.0,3036713000.0,491323000.0,-253756000.0,-212945000.0
LKQ,2015-12-31,False,FY,2015,10-K,7192633000.0,704627000.0,423223000.0,1.39,1.38,0.0,5647837000.0,2340712000.0,751970000.0,87397000.0,3114682000.0,529837000.0,-329993000.0,-224092000.0
LKQ,2016-03-31,False,Q1,2016,10-Q,1921476000.0,185672000.0,107732000.0,0.35,0.35,0.0,7356857000.0,2993887000.0,1049410000.0,229220000.0,3234409000.0,130207000.0,-625024000.0,637803000.0
LKQ,2016-06-30,False,Q2,2016,10-Q,2450693000.0,243184000.0,140737000.0,0.46,0.46,0.0,8185944000.0,3298428000.0,1168382000.0,273203000.0,3307639000.0,355230000.0,-1341505000.0,1177965000.0
LKQ,2016-09-30,False,Q3,2016,10-Q,2386830000.0,202998000.0,122688000.0,0.4,0.4,0.0,8203952000.0,3295541000.0,1149208000.0,271851000.0,3427277000.0,524151000.0,-1424690000.0,1088482000.0
LKQ,2016-12-31,False,FY,2016,10-K,8584031000.0,763398000.0,463975000.0,1.51,1.5,0.0,8303199000.0,3567594000.0,1210785000.0,227400000.0,3442949000.0,635014000.0,-1709928000.0,1225737000.0
LKQ,2017-03-31,False,Q1,2017,10-Q,2342843000.0,235692000.0,136278000.0,0.44,0.44,0.0,8122246000.0,3318126000.0,1159701000.0,264614000.0,3606871000.0,172293000.0,181157000.0,-326386000.0
LKQ,2017-06-30,False,Q2,2017,10-Q,2458411000.0,244573000.0,150914000.0,0.49,0.49,0.0,8430942000.0,3500735000.0,1221660000.0,303544000.0,3856685000.0,362097000.0,113736000.0,-423076000.0
LKQ,2017-09-30,False,Q3,2017,10-Q,2465800000.0,199099000.0,122381000.0,0.4,0.39,0.0,8863938000.0,3668373000.0,1302338000.0,275077000.0,4041037000.0,449243000.0,-84157000.0,-347063000.0
LKQX,2010-06-30,False,Q2,2010,10-Q,584681000.0,69609000.0,37906000.0,0.27,0.26,0.0,2130742000.0,800533000.0,195650000.0,190477000.0,1289898000.0,101191000.0,-22361000.0,2508000.0
LKQX,2010-09-30,False,Q3,2010,10-Q,607621000.0,65207000.0,35901000.0,0.25,0.25,0.0,2205449000.0,821500000.0,225292000.0,168678000.0,1336911000.0,144563000.0,-94294000.0,9276000.0
LKQX,2010-12-31,False,FY,2010,10-K,2469881000.0,297877000.0,169071000.0,1.18,1.16,0.0,2299509000.0,836876000.0,225321000.0,95689000.0,1414161000.0,159183000.0,-191583000.0,18962000.0
LKQX,2011-03-31,False,Q1,2011,10-Q,786648000.0,107371000.0,58182000.0,0.4,0.39,0.0,2355379000.0,852117000.0,208272000.0,64517000.0,1485370000.0,77315000.0,-61519000.0,-46987000.0
LKQX,2011-06-30,False,Q2,2011,10-Q,759684000.0,78486000.0,46706000.0,0.32,0.32,0.0,2417714000.0,890376000.0,193469000.0,42256000.0,1535702000.0,101080000.0,-137969000.0,-16533000.0
LKQX,2011-09-30,False,Q3,2011,10-Q,783898000.0,85488000.0,49231000.0,0.34,0.33,0.0,2538012000.0,936590000.0,227526000.0,45112000.0,1579723000.0,159182000.0,-240328000.0,30722000.0
LKQX,2011-12-31,False,FY,2011,10-K,3269862000.0,361483000.0,210264000.0,1.44,1.42,0.0,3199704000.0,1149735000.0,397693000.0,48247000.0,1644085000.0,211772000.0,-571607000.0,311411000.0
LKQX,2012-03-31,False,Q1,2012,10-Q,1031777000.0,133608000.0,80991000.0,0.55,0.54,0.0,3260001000.0,1174278000.0,457074000.0,55169000.0,1745085000.0,110155000.0,-46026000.0,-57747000.0
