symbol,end_date,amend,period_focus,fiscal_year,doc_type,revenues,op_income,net_income,eps_basic,eps_diluted,dividend,assets,cur_assets,cur_liab,cash,equity,cash_flow_op,cash_flow_inv,cash_flow_fin
LRCX,2010-09-26,False,Q1,2011,10-Q,805874000.0,223994000.0,193724000.0,1.57,1.55,0.0,2652296000.0,1919431000.0,612397000.0,628281000.0,1886628000.0,255744000.0,-43646000.0,-136199000.0
LRCX,2010-12-26,False,Q2,2011,10-Q,870714000.0,241104000.0,221856000.0,1.8,1.78,0.0,2933217000.0,2179745000.0,689871000.0,729060000.0,2084779000.0,441327000.0,-81287000.0,-187732000.0
LRCX,2011-03-27,False,Q3,2011,10-Q,809087000.0,196996000.0,182240000.0,1.47,1.45,0.0,3148495000.0,2372774000.0,667391000.0,942710000.0,2323156000.0,682920000.0,-128545000.0,-173008000.0
LRCX,2011-06-26,False,FY,2011,10-K,3237693000.0,804285000.0,723748000.0,5.86,5.79,0.0,4057394000.0,3276792000.0,684286000.0,1492132000.0,2469845000.0,881028000.0,-479913000.0,526986000.0
LRCX,2011-09-25,False,Q1,2012,10-Q,680436000.0,99399000.0,71838000.0,0.58,0.58,0.0,3900954000.0,3134629000.0,594594000.0,1339318000.0,2389882000.0,86900000.0,-100974000.0,-137644000.0
LRCX,2011-12-25,False,Q2,2012,10-Q,583981000.0,47546000.0,33212000.0,0.28,0.27,0.0,3978147000.0,3212851000.0,593605000.0,1506928000.0,2462744000.0,255916000.0,-131535000.0,-107342000.0
LRCX,2012-03-25,False,Q3,2012,10-Q,658961000.0,58118000.0,45604000.0,0.38,0.38,0.0,4193263000.0,3423909000.0,651655000.0,1410267000.0,2609142000.0,402313000.0,-441735000.0,-39746000.0
LRCX,2012-06-24,False,FY,2012,10-K,2665192000.0,237733000.0,168723000.0,1.36,1.35,0.0,8004652000.0,4415109000.0,1426928000.0,1564752000.0,5131781000.0,499028000.0,269726000.0,-692747000.0
LRCX,2012-09-23,False,Q1,2013,10-Q,906888000.0,16712000.0,2768000.0,0.02,0.02,0.0,7724346000.0,4169416000.0,854257000.0,1411466000.0,5011646000.0,249262000.0,-60457000.0,-344868000.0
LRCX,2012-12-23,False,Q2,2013,10-Q,860886000.0,4042000.0,6408000.0,0.04,0.04,0.0,7363164000.0,3846408000.0,825482000.0,1190189000.0,4696590000.0,442488000.0,-130654000.0,-693410000.0
LRCX,2013-03-31,False,Q3,2013,10-Q,844928000.0,10819000.0,18996000.0,0.12,0.11,0.0,7146302000.0,3669919000.0,801013000.0,1019109000.0,4542200000.0,544945000.0,-177927000.0,-914740000.0
LRCX,2013-06-30,False,FY,2013,10-K,3598916000.0,118071000.0,113879000.0,0.67,0.66,0.0,7250315000.0,3793829000.0,1404475000.0,1162473000.0,4488872000.0,719933000.0,-238637000.0,-887790000.0
LRCX,2013-09-29,False,Q1,2014,10-Q,1015059000.0,105408000.0,85506000.0,0.52,0.5,0.0,7290345000.0,3924252000.0,1402890000.0,1156184000.0,4527272000.0,51925000.0,18939000.0,-76645000.0
LRCX,2013-12-29,False,Q2,2014,10-Q,1116061000.0,164474000.0,148992000.0,0.92,0.87,0.0,7555798000.0,4249036000.0,1522572000.0,1132555000.0,4666090000.0,180948000.0,-94891000.0,-116860000.0
LRCX,2014-03-30,False,Q3,2014,10-Q,1227392000.0,191937000.0,164396000.0,1.01,0.96,0.0,7707367000.0,4447349000.0,1542705000.0,1292301000.0,4807292000.0,471158000.0,-190701000.0,-151362000.0
LRCX,2014-06-29,False,FY,2014,10-K,4607309000.0,677669000.0,632289000.0,3.84,3.62,0.18,7993306000.0,4783662000.0,1582001000.0,1452677000.0,5029735000.0,717049000.0,-265214000.0,-162735000.0
LRCX,2014-09-28,False,Q1,2015,10-Q,1152368000.0,168298000.0,141081000.0,0.87,0.8,0.18,7893828000.0,4690976000.0,1599625000.0,1293678000.0,4890673000.0,141161000.0,7871000.0,-305837000.0
LRCX,2014-12-28,False,Q2,2015,10-Q,1232241000.0,188741000.0,176940000.0,1.11,1.0,0.18,8110689000.0,4914812000.0,1708656000.0,981275000.0,5000435000.0,302400000.0,-371004000.0,-396606000.0
LRCX,2015-03-29,False,Q3,2015,10-Q,1393333000.0,239965000.0,206285000.0,1.3,1.16,0.18,9238541000.0,6060967000.0,1734996000.0,1635636000.0,5097055000.0,493437000.0,-765640000.0,466029000.0
LRCX,2015-06-28,False,FY,2015,10-K,5259312000.0,788039000.0,655577000.0,4.11,3.7,0.84,9364648000.0,6270849000.0,2631361000.0,1501539000.0,5103144000.0,785503000.0,-1106096000.0,378472000.0
LRCX,2015-09-27,False,Q1,2016,10-Q,1600043000.0,335428000.0,288679000.0,1.82,1.66,0.3,9594431000.0,6515981000.0,2281941000.0,1744325000.0,5358155000.0,448997000.0,-79157000.0,-123246000.0
LRCX,2015-12-27,False,Q2,2016,10-Q,1425534000.0,238834000.0,222980000.0,1.41,1.28,0.3,9750421000.0,6670197000.0,2222980000.0,1967873000.0,5552291000.0,743542000.0,-64762000.0,-208982000.0
LRCX,2016-03-27,False,Q3,2016,10-Q,1314055000.0,190753000.0,143451000.0,0.9,0.82,0.3,10024262000.0,6941565000.0,2342186000.0,2232021000.0,5692339000.0,926453000.0,70969000.0,-266142000.0
LRCX,2016-06-26,False,FY,2016,10-K,5885893000.0,1074256000.0,914049000.0,5.75,5.22,1.2,12271528000.0,9214911000.0,2419802000.0,5039322000.0,5894517000.0,1350277000.0,592483000.0,1595745000.0
LRCX,2016-09-25,False,Q1,2017,10-Q,1632419000.0,315947000.0,263835000.0,1.64,1.47,0.3,12636362000.0,9599002000.0,2486252000.0,5861701000.0,6184883000.0,473224000.0,376752000.0,-29508000.0
LRCX,2016-12-25,False,Q2,2017,10-Q,1882299000.0,439828000.0,332791000.0,2.05,1.81,0.45,11521059000.0,8503874000.0,2658018000.0,2503960000.0,6395696000.0,877322000.0,-1650465000.0,-1758766000.0
LRCX,2017-03-26,False,Q3,2017,10-Q,2153995000.0,538418000.0,574713000.0,3.52,3.1,0.45,11875186000.0,8875948000.0,2756739000.0,2128570000.0,6746254000.0,1300010000.0,-2117715000.0,-2092585000.0
LRCX,2017-06-25,False,FY,2017,10-K,8013620000.0,1902132000.0,1697763000.0,10.47,9.24,1.65,12122765000.0,9142498000.0,2950115000.0,2377534000.0,6817451000.0,2029282000.0,-2058613000.0,-2632394000.0
LRCX,2017-09-24,False,Q1,2018,10-Q,2478140000.0,693222000.0,590690000.0,3.64,3.21,0.45,12398626000.0,9228780000.0,2788631000.0,2406462000.0,7271178000.0,858306000.0,-303891000.0,-528804000.0
