symbol,end_date,amend,period_focus,fiscal_year,doc_type,revenues,op_income,net_income,eps_basic,eps_diluted,dividend,assets,cur_assets,cur_liab,cash,equity,cash_flow_op,cash_flow_inv,cash_flow_fin
LVLT,2010-06-30,False,Q2,2010,10-Q,908000000.0,-28000000.0,-169000000.0,-0.1,-0.1,0.0,8296000000.0,856000000.0,796000000.0,442000000.0,15000000.0,77000000.0,-182000000.0,-277000000.0
LVLT,2010-09-30,False,Q3,2010,10-Q,912000000.0,-17000000.0,-163000000.0,-0.1,-0.1,0.0,8360000000.0,939000000.0,734000000.0,518000000.0,-86000000.0,149000000.0,-314000000.0,-146000000.0
LVLT,2010-12-31,False,FY,2010,10-K,3651000000.0,-90000000.0,-622000000.0,-0.37,-0.37,0.0,8355000000.0,972000000.0,956000000.0,616000000.0,-157000000.0,339000000.0,-429000000.0,-122000000.0
LVLT,2011-03-31,False,Q1,2011,10-Q,929000000.0,-4000000.0,-205000000.0,-0.12,-0.12,0.0,8802000000.0,1486000000.0,1180000000.0,1079000000.0,-265000000.0,,-114000000.0,574000000.0
LVLT,2011-06-30,False,Q2,2011,10-Q,932000000.0,2000000.0,-181000000.0,-0.11,-0.11,0.0,8862000000.0,1622000000.0,1672000000.0,584000000.0,-432000000.0,131000000.0,-270000000.0,104000000.0
LVLT,2011-09-30,False,Q3,2011,10-Q,947000000.0,8000000.0,-207000000.0,-1.75,-1.75,0.0,9254000000.0,2161000000.0,1103000000.0,461000000.0,-523000000.0,199000000.0,-409000000.0,54000000.0
LVLT,2011-12-31,False,FY,2011,10-K,4333000000.0,52000000.0,-756000000.0,-6.03,-6.03,0.0,13188000000.0,1707000000.0,1658000000.0,918000000.0,1193000000.0,388000000.0,-398000000.0,261000000.0
LVLT,2012-03-31,False,Q1,2012,10-Q,1586000000.0,116000000.0,-138000000.0,-0.66,-0.66,0.0,13074000000.0,1603000000.0,1635000000.0,748000000.0,1309000000.0,-75000000.0,-132000000.0,34000000.0
LVLT,2012-06-30,False,Q2,2012,10-Q,1586000000.0,133000000.0,-62000000.0,-0.29,-0.29,0.0,12947000000.0,1597000000.0,1654000000.0,733000000.0,1214000000.0,108000000.0,-309000000.0,18000000.0
LVLT,2012-09-30,False,Q3,2012,10-Q,1590000000.0,138000000.0,-166000000.0,-0.76,-0.76,0.0,13216000000.0,1735000000.0,1643000000.0,793000000.0,1204000000.0,178000000.0,-538000000.0,234000000.0
LVLT,2012-12-31,False,FY,2012,10-K,6376000000.0,575000000.0,-422000000.0,-1.96,-1.96,0.0,13307000000.0,1842000000.0,1802000000.0,979000000.0,1171000000.0,578000000.0,-725000000.0,207000000.0
LVLT,2013-03-31,False,Q1,2013,10-Q,1577000000.0,155000000.0,-78000000.0,-0.36,-0.36,0.0,12882000000.0,1515000000.0,1488000000.0,610000000.0,1108000000.0,7000000.0,-166000000.0,-186000000.0
LVLT,2013-06-30,False,Q2,2013,10-Q,1565000000.0,140000000.0,-24000000.0,-0.11,-0.11,0.0,12865000000.0,1503000000.0,1503000000.0,596000000.0,1108000000.0,223000000.0,-383000000.0,-199000000.0
LVLT,2013-09-30,False,Q3,2013,10-Q,1569000000.0,152000000.0,-21000000.0,-0.09,-0.09,0.0,12852000000.0,1439000000.0,1430000000.0,507000000.0,1147000000.0,327000000.0,-556000000.0,-220000000.0
LVLT,2013-12-31,False,FY,2013,10-K,6313000000.0,666000000.0,-109000000.0,-0.49,-0.49,0.0,12874000000.0,1454000000.0,1446000000.0,631000000.0,1411000000.0,713000000.0,-745000000.0,-294000000.0
LVLT,2014-03-31,False,Q1,2014,10-Q,1609000000.0,264000000.0,112000000.0,0.48,0.47,0.0,12889000000.0,1472000000.0,1756000000.0,607000000.0,1598000000.0,141000000.0,-162000000.0,-3000000.0
LVLT,2014-06-30,False,Q2,2014,10-Q,1625000000.0,256000000.0,51000000.0,0.21,0.21,0.0,13028000000.0,1539000000.0,1824000000.0,637000000.0,1679000000.0,444000000.0,-402000000.0,-6000000.0
LVLT,2014-09-30,False,Q3,2014,10-Q,1629000000.0,262000000.0,85000000.0,0.36,0.35,0.0,13983000000.0,2600000000.0,1853000000.0,729000000.0,1648000000.0,765000000.0,-617000000.0,-9000000.0
LVLT,2014-12-31,False,FY,2014,10-K,6777000000.0,1013000000.0,314000000.0,1.23,1.21,0.0,20947000000.0,1489000000.0,1914000000.0,580000000.0,6363000000.0,1161000000.0,-1086000000.0,-82000000.0
LVLT,2015-03-31,False,Q1,2015,10-Q,2053000000.0,316000000.0,122000000.0,0.35,0.35,0.0,21303000000.0,2052000000.0,1953000000.0,1114000000.0,6717000000.0,305000000.0,-252000000.0,490000000.0
LVLT,2015-06-30,False,Q2,2015,10-Q,2061000000.0,350000000.0,-13000000.0,-0.04,-0.04,0.0,20884000000.0,1503000000.0,1440000000.0,549000000.0,6817000000.0,724000000.0,-593000000.0,-150000000.0
LVLT,2015-09-30,False,Q3,2015,10-Q,2062000000.0,327000000.0,1000000.0,0.0,0.0,0.0,20883000000.0,1663000000.0,1470000000.0,691000000.0,6780000000.0,1299000000.0,-1017000000.0,-155000000.0
LVLT,2015-12-31,False,FY,2015,10-K,8229000000.0,1331000000.0,3433000000.0,9.71,9.58,0.0,24145000000.0,1749000000.0,1416000000.0,854000000.0,10126000000.0,1855000000.0,-1344000000.0,-219000000.0
LVLT,2016-03-31,False,Q1,2016,10-Q,2051000000.0,362000000.0,124000000.0,0.35,0.34,0.0,25039000000.0,2789000000.0,2187000000.0,1004000000.0,10342000000.0,510000000.0,-1125000000.0,764000000.0
LVLT,2016-06-30,False,Q2,2016,10-Q,2056000000.0,374000000.0,149000000.0,0.42,0.41,0.0,24534000000.0,2278000000.0,1499000000.0,1291000000.0,10500000000.0,1141000000.0,-652000000.0,-52000000.0
LVLT,2016-09-30,False,Q3,2016,10-Q,2033000000.0,354000000.0,143000000.0,0.4,0.39,0.0,24746000000.0,2457000000.0,1507000000.0,1569000000.0,10724000000.0,1786000000.0,-1016000000.0,-54000000.0
LVLT,2016-12-31,False,FY,2016,10-K,8172000000.0,1444000000.0,677000000.0,1.89,1.87,0.0,24888000000.0,2653000000.0,1471000000.0,1819000000.0,10917000000.0,2343000000.0,-1319000000.0,-56000000.0
LVLT,2017-03-31,False,Q1,2017,10-Q,2048000000.0,337000000.0,95000000.0,0.26,0.26,0.0,25071000000.0,2807000000.0,1734000000.0,1947000000.0,11081000000.0,539000000.0,-368000000.0,-44000000.0
LVLT,2017-06-30,False,Q2,2017,10-Q,2061000000.0,353000000.0,154000000.0,0.42,0.42,0.0,25287000000.0,3036000000.0,1698000000.0,1056000000.0,11315000000.0,1100000000.0,-1819000000.0,-46000000.0
LVLT,2017-09-30,False,Q3,2017,10-Q,2059000000.0,355000000.0,157000000.0,0.43,0.43,0.0,25373000000.0,3143000000.0,1468000000.0,2252000000.0,11550000000.0,1791000000.0,-1013000000.0,-348000000.0
