symbol,end_date,amend,period_focus,fiscal_year,doc_type,revenues,op_income,net_income,eps_basic,eps_diluted,dividend,assets,cur_assets,cur_liab,cash,equity,cash_flow_op,cash_flow_inv,cash_flow_fin
MAR,2009-06-19,False,Q2,2009,10-Q,2562000000.0,100000000.0,37000000.0,0.1,0.1,0.0,8743000000.0,3398000000.0,2405000000.0,125000000.0,1419000000.0,347000000.0,-73000000.0,-283000000.0
MAR,2009-09-11,False,Q3,2009,10-Q,2471000000.0,-506000000.0,-466000000.0,-1.31,-1.31,0.0,8267000000.0,2963000000.0,2491000000.0,130000000.0,985000000.0,597000000.0,-130000000.0,-471000000.0
MAR,2010-01-01,False,FY,2009,10-K,10908000000.0,-152000000.0,-346000000.0,-0.97,-0.97,0.0866,7933000000.0,2851000000.0,2287000000.0,115000000.0,1142000000.0,868000000.0,-69000000.0,-818000000.0
MAR,2010-03-26,False,Q1,2010,10-Q,2630000000.0,180000000.0,83000000.0,0.23,0.22,0.04,8793000000.0,3015000000.0,2313000000.0,118000000.0,1070000000.0,160000000.0,-24000000.0,-133000000.0
MAR,2010-03-26,True,Q1,2010,10-Q,2630000000.0,180000000.0,83000000.0,0.23,0.22,0.04,8793000000.0,3015000000.0,2313000000.0,118000000.0,1070000000.0,160000000.0,-24000000.0,-133000000.0
MAR,2010-06-18,False,Q2,2010,10-Q,2771000000.0,226000000.0,119000000.0,0.33,0.31,0.04,8647000000.0,2951000000.0,2351000000.0,100000000.0,1224000000.0,522000000.0,-69000000.0,-468000000.0
MAR,2010-09-10,False,Q3,2010,10-Q,2648000000.0,167000000.0,83000000.0,0.23,0.22,0.04,8789000000.0,3061000000.0,2496000000.0,223000000.0,1355000000.0,913000000.0,-161000000.0,-644000000.0
MAR,2010-12-31,False,FY,2010,10-K,11691000000.0,695000000.0,458000000.0,1.26,1.21,0.2075,8983000000.0,3382000000.0,2501000000.0,505000000.0,1585000000.0,1151000000.0,-264000000.0,-497000000.0
MAR,2011-03-25,False,Q1,2011,10-Q,2778000000.0,191000000.0,101000000.0,0.27,0.26,0.0875,8760000000.0,2999000000.0,2423000000.0,144000000.0,1386000000.0,139000000.0,-178000000.0,-322000000.0
MAR,2011-06-17,False,Q2,2011,10-Q,2972000000.0,232000000.0,135000000.0,0.38,0.37,0.1,8791000000.0,2938000000.0,2917000000.0,117000000.0,1136000000.0,481000000.0,-226000000.0,-643000000.0
MAR,2011-09-09,False,Q3,2011,10-Q,2874000000.0,-144000000.0,-179000000.0,-0.52,-0.52,0.1,8465000000.0,2678000000.0,3100000000.0,220000000.0,430000000.0,885000000.0,-145000000.0,-1025000000.0
MAR,2011-12-30,False,FY,2011,10-K,12317000000.0,526000000.0,198000000.0,0.56,0.55,0.3875,5910000000.0,1324000000.0,2558000000.0,102000000.0,-781000000.0,1089000000.0,-247000000.0,-1245000000.0
MAR,2012-03-23,False,Q1,2012,10-Q,2552000000.0,175000000.0,104000000.0,0.31,0.3,0.1,6171000000.0,1464000000.0,2906000000.0,290000000.0,-848000000.0,125000000.0,-135000000.0,198000000.0
MAR,2012-06-15,False,Q2,2012,10-Q,2776000000.0,243000000.0,143000000.0,0.44,0.42,0.13,6007000000.0,1355000000.0,2642000000.0,105000000.0,-1124000000.0,417000000.0,-219000000.0,-195000000.0
MAR,2012-09-07,False,Q3,2012,10-Q,2729000000.0,213000000.0,143000000.0,0.45,0.44,0.13,5865000000.0,1158000000.0,2690000000.0,105000000.0,-1296000000.0,808000000.0,-213000000.0,-592000000.0
MAR,2012-12-28,False,FY,2012,10-K,11814000000.0,940000000.0,571000000.0,1.77,1.72,0.49,6342000000.0,1475000000.0,2773000000.0,88000000.0,-1285000000.0,989000000.0,-585000000.0,-418000000.0
MAR,2013-03-31,False,Q1,2013,10-Q,3142000000.0,226000000.0,136000000.0,0.44,0.43,0.13,6523000000.0,1626000000.0,2358000000.0,221000000.0,-1377000000.0,118000000.0,-88000000.0,103000000.0
MAR,2013-06-30,False,Q2,2013,10-Q,3263000000.0,279000000.0,179000000.0,0.58,0.57,0.17,6377000000.0,1404000000.0,2467000000.0,108000000.0,-1493000000.0,610000000.0,-219000000.0,-371000000.0
MAR,2013-09-30,False,Q3,2013,10-Q,3160000000.0,245000000.0,160000000.0,0.53,0.52,0.17,6480000000.0,1646000000.0,2422000000.0,144000000.0,-1409000000.0,805000000.0,-309000000.0,-440000000.0
MAR,2013-12-31,False,FY,2013,10-K,12784000000.0,988000000.0,626000000.0,2.05,2.0,0.0,6794000000.0,1903000000.0,2675000000.0,126000000.0,-1415000000.0,1140000000.0,-519000000.0,-583000000.0
MAR,2014-03-31,False,Q1,2014,10-Q,3293000000.0,254000000.0,172000000.0,0.58,0.57,0.17,6665000000.0,1565000000.0,2596000000.0,184000000.0,-1625000000.0,182000000.0,42000000.0,-166000000.0
MAR,2014-06-30,False,Q2,2014,10-Q,3484000000.0,316000000.0,192000000.0,0.66,0.64,0.2,6830000000.0,1537000000.0,2690000000.0,192000000.0,-1720000000.0,669000000.0,-183000000.0,-420000000.0
MAR,2014-06-30,True,Q2,2014,10-Q,3484000000.0,316000000.0,192000000.0,0.66,0.64,0.2,6830000000.0,1537000000.0,2690000000.0,192000000.0,-1720000000.0,669000000.0,-183000000.0,-420000000.0
MAR,2014-09-30,False,Q3,2014,10-Q,3460000000.0,298000000.0,192000000.0,0.66,0.65,0.2,6847000000.0,1552000000.0,2738000000.0,150000000.0,-1842000000.0,950000000.0,-304000000.0,-622000000.0
MAR,2014-12-31,False,FY,2014,10-K,13796000000.0,1159000000.0,753000000.0,2.6,2.54,0.0,6865000000.0,1921000000.0,3060000000.0,104000000.0,-2200000000.0,1224000000.0,-313000000.0,-933000000.0
MAR,2015-03-31,False,Q1,2015,10-Q,3513000000.0,332000000.0,207000000.0,0.75,0.73,0.2,6803000000.0,1828000000.0,3030000000.0,120000000.0,-2537000000.0,262000000.0,-22000000.0,-224000000.0
MAR,2015-06-30,False,Q2,2015,10-Q,3689000000.0,369000000.0,240000000.0,0.88,0.87,0.25,6321000000.0,1906000000.0,3517000000.0,140000000.0,-3033000000.0,752000000.0,352000000.0,-1068000000.0
MAR,2015-09-30,False,Q3,2015,10-Q,3578000000.0,339000000.0,210000000.0,0.8,0.78,0.25,6153000000.0,1723000000.0,3509000000.0,95000000.0,-3589000000.0,1080000000.0,373000000.0,-1462000000.0
MAR,2015-12-31,False,FY,2015,10-K,14486000000.0,1350000000.0,859000000.0,3.22,3.15,0.0,6082000000.0,1384000000.0,3233000000.0,96000000.0,-3590000000.0,1430000000.0,367000000.0,-1805000000.0
MAR,2016-03-31,False,Q1,2016,10-Q,3772000000.0,367000000.0,219000000.0,0.86,0.85,0.25,6121000000.0,1424000000.0,3247000000.0,99000000.0,-3667000000.0,333000000.0,-64000000.0,-266000000.0
MAR,2016-06-30,False,Q2,2016,10-Q,3902000000.0,389000000.0,247000000.0,0.97,0.96,0.3,6650000000.0,1959000000.0,3244000000.0,679000000.0,-3462000000.0,798000000.0,-72000000.0,-143000000.0
MAR,2016-09-30,False,Q3,2016,10-Q,3942000000.0,171000000.0,70000000.0,0.26,0.26,0.3,25002000000.0,3787000000.0,5229000000.0,1078000000.0,5841000000.0,1132000000.0,-2487000000.0,2337000000.0
MAR,2016-12-31,False,FY,2016,10-K,17072000000.0,1368000000.0,780000000.0,2.68,2.64,0.0,24140000000.0,3371000000.0,5147000000.0,858000000.0,5357000000.0,1582000000.0,-2409000000.0,1589000000.0
MAR,2017-03-31,False,Q1,2017,10-Q,5561000000.0,537000000.0,365000000.0,0.95,0.94,0.3,23925000000.0,3121000000.0,5223000000.0,738000000.0,5168000000.0,526000000.0,184000000.0,-830000000.0
MAR,2017-06-30,False,Q2,2017,10-Q,5795000000.0,620000000.0,414000000.0,1.09,1.08,0.33,23881000000.0,2830000000.0,5363000000.0,498000000.0,4901000000.0,1302000000.0,233000000.0,-1895000000.0
MAR,2017-09-30,False,Q3,2017,10-Q,5663000000.0,632000000.0,392000000.0,1.05,1.04,0.33,24236000000.0,2944000000.0,5608000000.0,508000000.0,4512000000.0,1916000000.0,190000000.0,-2456000000.0
