symbol,end_date,amend,period_focus,fiscal_year,doc_type,revenues,op_income,net_income,eps_basic,eps_diluted,dividend,assets,cur_assets,cur_liab,cash,equity,cash_flow_op,cash_flow_inv,cash_flow_fin
MCHP,2017-09-30,False,Q2,2018,10-Q,1012139000.0,225399000.0,189156000.0,0.81,0.77,0.362,8055198000.0,2443422000.0,734186000.0,826407000.0,3546124000.0,695123000.0,-591973000.0,-185427000.0
MCHP,2009-06-30,False,Q1,2010,10-Q,192949000.0,31178000.0,27368000.0,0.15,0.15,0.339,2386409000.0,1761141000.0,149191000.0,576979000.0,1457208000.0,115067000.0,77030000.0,-61447000.0
MCHP,2009-12-31,False,FY,2009,10-Q,250099000.0,72568000.0,69403000.0,0.38,0.37,0.34,2443607000.0,1442737000.0,185135000.0,361291000.0,1483875000.0,344019000.0,-263091000.0,-165966000.0
MCHP,2009-09-30,False,Q3,2009,10-Q,226661000.0,52726000.0,44485000.0,0.24,0.24,0.339,2418285000.0,1727456000.0,170350000.0,541045000.0,1458317000.0,243092000.0,-33986000.0,-114390000.0
MCHP,2011-03-31,False,FY,2011,10-K,1487205000.0,474183000.0,418950000.0,2.24,2.15,1.374,2968058000.0,1774983000.0,340316000.0,703924000.0,1812438000.0,,-187850000.0,-183017000.0
MCHP,2011-03-31,False,FY,2011,10-K,1487205000.0,474183000.0,418950000.0,2.24,2.15,1.374,2968058000.0,1774983000.0,340316000.0,703924000.0,1812438000.0,,-187850000.0,-183017000.0
MCHP,2013-03-31,False,FY,2013,10-K,1581623000.0,178553000.0,127389000.0,0.65,0.62,1.406,3851405000.0,2236370000.0,341611000.0,528334000.0,1933470000.0,446179000.0,-936756000.0,382170000.0
MCHP,2012-12-31,False,Q3,2013,10-Q,416047000.0,17413000.0,10173000.0,0.05,0.05,0.352,3843524000.0,2296583000.0,296279000.0,465293000.0,1927086000.0,321178000.0,-920807000.0,428181000.0
MCHP,2012-09-30,False,Q2,2013,10-Q,383298000.0,8094000.0,-21184000.0,-0.11,-0.11,0.351,3888376000.0,2289278000.0,325473000.0,436735000.0,1964098000.0,192271000.0,-873165000.0,480535000.0
MCHP,2012-06-30,False,Q1,2013,10-Q,352134000.0,96333000.0,78710000.0,0.41,0.39,0.35,3144840000.0,2229298000.0,249989000.0,779848000.0,2017990000.0,128971000.0,77890000.0,-62768000.0
MCHP,2012-03-31,False,FY,2012,10-K,1383176000.0,396516000.0,336705000.0,1.76,1.65,1.39,3083776000.0,2015861000.0,247873000.0,635755000.0,1990673000.0,396458000.0,-256482000.0,-208145000.0
MCHP,2011-09-30,False,Q2,2012,10-Q,340602000.0,97620000.0,79287000.0,0.42,0.4,0.347,3033749000.0,1933376000.0,294153000.0,675129000.0,1903939000.0,238059000.0,-160817000.0,-106037000.0
MCHP,2011-12-31,False,Q3,2012,10-Q,329156000.0,88127000.0,77489000.0,0.4,0.38,0.348,3021151000.0,1830080000.0,248566000.0,605725000.0,1941305000.0,293998000.0,-234129000.0,-158068000.0
MCHP,2011-06-30,False,Q1,2012,10-Q,374507000.0,116860000.0,99293000.0,0.52,0.49,0.346,3029299000.0,2095687000.0,328083000.0,651383000.0,1879222000.0,83305000.0,-88603000.0,-47243000.0
MCHP,2010-06-30,False,Q1,2011,10-Q,320801000.0,106632000.0,89566000.0,0.48,0.47,0.342,2693269000.0,1847882000.0,284084000.0,523474000.0,1567465000.0,133318000.0,-45831000.0,-56143000.0
MCHP,2010-12-31,False,Q3,2011,10-Q,367824000.0,117453000.0,100776000.0,0.54,0.51,0.689,2828726000.0,1738444000.0,299935000.0,500616000.0,1649945000.0,430124000.0,-217417000.0,-204221000.0
MCHP,2010-09-30,False,Q2,2011,10-Q,382271000.0,123143000.0,103080000.0,0.55,0.54,0.343,2808370000.0,1917305000.0,310140000.0,423721000.0,1637166000.0,291447000.0,-254764000.0,-105092000.0
MCHP,2010-03-31,False,FY,2010,10-K,947729000.0,244959000.0,217005000.0,1.18,1.16,1.359,2516313000.0,1610969000.0,203390000.0,492130000.0,1533380000.0,452047000.0,-195262000.0,-210984000.0
MCHP,2015-03-31,False,FY,2015,10-K,2147036000.0,425620000.0,369009000.0,1.84,1.65,1.425,4780713000.0,2664617000.0,353972000.0,607815000.0,2061026000.0,721182000.0,-678317000.0,98548000.0
MCHP,2015-09-30,False,Q2,2016,10-Q,541391000.0,74948000.0,64899000.0,0.32,0.3,0.358,5786309000.0,2778887000.0,371776000.0,539078000.0,2129381000.0,331414000.0,-727869000.0,327718000.0
MCHP,2015-06-30,False,Q1,2016,10-Q,533952000.0,121319000.0,130667000.0,0.65,0.6,0.3575,4856985000.0,2255614000.0,372308000.0,563547000.0,2098882000.0,181528000.0,-187189000.0,-38607000.0
MCHP,2014-12-31,False,Q3,2015,10-Q,528710000.0,98009000.0,86057000.0,0.43,0.39,0.3565,4628917000.0,1783479000.0,353086000.0,456339000.0,2282278000.0,542672000.0,-676757000.0,124022000.0
MCHP,2014-09-30,False,Q2,2015,10-Q,546243000.0,101318000.0,93641000.0,0.47,0.42,0.356,4610627000.0,1978965000.0,385484000.0,481439000.0,2252208000.0,357834000.0,-520191000.0,177394000.0
MCHP,2014-06-30,False,Q1,2015,10-Q,528876000.0,115946000.0,89909000.0,0.45,0.4,0.3555,4501743000.0,2450351000.0,359690000.0,617770000.0,2169645000.0,165788000.0,-272428000.0,257807000.0
MCHP,2014-03-31,False,FY,2014,10-K,1931217000.0,458864000.0,395281000.0,1.99,1.82,1.417,4067630000.0,1969399000.0,336079000.0,466603000.0,2135461000.0,676564000.0,-503279000.0,-235016000.0
MCHP,2013-06-30,False,Q1,2014,10-Q,462792000.0,98401000.0,78579000.0,0.4,0.37,0.3535,3883575000.0,1615697000.0,351664000.0,403231000.0,1954260000.0,164431000.0,-209193000.0,-80341000.0
MCHP,2013-12-31,False,Q3,2014,10-Q,482372000.0,116918000.0,105401000.0,0.53,0.48,0.3545,4003108000.0,1969028000.0,316400000.0,375100000.0,2075108000.0,473223000.0,-448359000.0,-178098000.0
MCHP,2013-09-30,False,Q2,2014,10-Q,492669000.0,117508000.0,99806000.0,0.5,0.46,0.354,3965151000.0,1820906000.0,338893000.0,344202000.0,2018539000.0,319355000.0,-383522000.0,-119965000.0
MCHP,2016-09-30,False,Q2,2017,10-Q,871364000.0,62760000.0,33919000.0,0.16,0.14,0.36,7074396000.0,1490735000.0,578803000.0,489988000.0,2519512000.0,446090000.0,-2316320000.0,267841000.0
MCHP,2016-06-30,False,Q1,2017,10-Q,799411000.0,-59104000.0,-113363000.0,-0.53,-0.53,0.3595,7358756000.0,1672988000.0,573285000.0,600526000.0,2532549000.0,223967000.0,-2295729000.0,580015000.0
MCHP,2016-03-31,False,FY,2016,10-K,2173334000.0,352345000.0,324132000.0,1.59,1.49,1.433,5567515000.0,3096713000.0,382009000.0,2092751000.0,2150919000.0,744483000.0,800397000.0,-59944000.0
MCHP,2015-12-31,False,Q3,2016,10-Q,540344000.0,76132000.0,61211000.0,0.3,0.28,0.3585,5446553000.0,1632721000.0,343914000.0,331451000.0,2126344000.0,541891000.0,-781777000.0,-36478000.0
MCHP,2017-03-31,False,FY,2017,10-K,3407807000.0,275817000.0,164639000.0,0.76,0.71,1.441,7686881000.0,2305040000.0,704450000.0,908684000.0,3270711000.0,1059452000.0,-2837973000.0,595461000.0
MCHP,2016-12-31,False,Q3,2017,10-Q,834366000.0,118074000.0,107175000.0,0.5,0.46,0.3605,7144581000.0,1676750000.0,651553000.0,663938000.0,2566898000.0,736892000.0,-2350496000.0,185798000.0
MCHP,2017-06-30,False,Q1,2018,10-Q,972141000.0,221598000.0,170587000.0,0.74,0.7,0.3615,7887891000.0,2298762000.0,736443000.0,773036000.0,3412554000.0,344992000.0,-391272000.0,-89368000.0
