symbol,end_date,amend,period_focus,fiscal_year,doc_type,revenues,op_income,net_income,eps_basic,eps_diluted,dividend,assets,cur_assets,cur_liab,cash,equity,cash_flow_op,cash_flow_inv,cash_flow_fin
KFT,2009-06-30,False,Q2,2009,10-Q,10162000000.0,1531000000.0,827000000.0,0.56,0.56,0.29,64654000000.0,11688000000.0,10303000000.0,1731000000.0,24380000000.0,1720000000.0,-431000000.0,-897000000.0
KFT,2009-09-30,False,Q3,2009,10-Q,9803000000.0,1419000000.0,824000000.0,0.56,0.55,0.29,66669000000.0,13018000000.0,12056000000.0,2996000000.0,25211000000.0,3269000000.0,-700000000.0,-961000000.0
KFT,2009-12-31,False,FY,2009,10-K,40386000000.0,5524000000.0,3021000000.0,2.04,2.03,1.16,66714000000.0,12454000000.0,11491000000.0,2101000000.0,25972000000.0,5084000000.0,-1239000000.0,-3133000000.0
KFT,2010-03-31,False,Q1,2010,10-Q,11318000000.0,1206000000.0,1883000000.0,1.17,1.16,0.29,95709000000.0,17215000000.0,15581000000.0,3878000000.0,34494000000.0,-5000000.0,-6130000000.0,7993000000.0
KFT,2010-06-30,False,Q2,2010,10-Q,12253000000.0,1701000000.0,937000000.0,0.54,0.53,0.29,91590000000.0,15251000000.0,13769000000.0,2854000000.0,33359000000.0,779000000.0,-6779000000.0,6993000000.0
KFT,2010-09-30,False,Q3,2010,10-Q,11863000000.0,1519000000.0,754000000.0,0.43,0.43,0.29,93620000000.0,15824000000.0,13626000000.0,2288000000.0,34982000000.0,1224000000.0,-6811000000.0,5888000000.0
KFT,2010-12-31,False,FY,2010,10-K,49207000000.0,5666000000.0,4114000000.0,2.4,2.39,1.16,95289000000.0,16221000000.0,15660000000.0,2481000000.0,35942000000.0,3748000000.0,-7462000000.0,4188000000.0
KFT,2011-03-31,False,Q1,2011,10-Q,12573000000.0,1646000000.0,799000000.0,0.46,0.45,0.29,98269000000.0,17529000000.0,19779000000.0,2088000000.0,37499000000.0,-986000000.0,-244000000.0,795000000.0
KFT,2011-06-30,False,Q2,2011,10-Q,13878000000.0,1806000000.0,976000000.0,0.55,0.55,0.29,99027000000.0,17496000000.0,20280000000.0,2267000000.0,39111000000.0,296000000.0,-625000000.0,40000000.0
KFT,2011-09-30,False,Q3,2011,10-Q,13226000000.0,1698000000.0,922000000.0,0.52,0.52,0.29,95832000000.0,17329000000.0,20360000000.0,1976000000.0,36700000000.0,1665000000.0,-1244000000.0,-843000000.0
KFT,2011-12-31,False,FY,2011,10-K,54365000000.0,6657000000.0,3527000000.0,2.0,1.99,1.16,93837000000.0,16202000000.0,18445000000.0,1974000000.0,35328000000.0,4520000000.0,-1728000000.0,-3175000000.0
KFT,2012-03-31,False,Q1,2012,10-Q,13093000000.0,1691000000.0,813000000.0,0.46,0.46,0.29,96647000000.0,17693000000.0,19298000000.0,1852000000.0,37091000000.0,-851000000.0,-244000000.0,917000000.0
KFT,2012-06-30,False,Q2,2012,10-Q,13286000000.0,1879000000.0,1029000000.0,0.58,0.58,0.29,97114000000.0,19831000000.0,16054000000.0,4643000000.0,36248000000.0,1208000000.0,-644000000.0,2126000000.0
MDLZ,2012-09-30,False,Q3,2012,10-Q,12909000000.0,1652000000.0,652000000.0,0.37,0.36,0.29,97779000000.0,19517000000.0,15845000000.0,3873000000.0,36678000000.0,2175000000.0,-1129000000.0,828000000.0
MDLZ,2012-12-31,False,FY,2012,10-K,35015000000.0,3637000000.0,3028000000.0,1.7,1.69,1.0,75478000000.0,15622000000.0,14873000000.0,4475000000.0,32355000000.0,3923000000.0,-1687000000.0,204000000.0
MDLZ,2013-03-31,False,Q1,2013,10-Q,8744000000.0,834000000.0,568000000.0,0.32,0.32,0.13,73298000000.0,14295000000.0,13847000000.0,2759000000.0,32018000000.0,-385000000.0,-298000000.0,-993000000.0
MDLZ,2013-06-30,False,Q2,2013,10-Q,8595000000.0,865000000.0,616000000.0,0.34,0.34,0.13,71823000000.0,13738000000.0,13133000000.0,2476000000.0,31549000000.0,418000000.0,-582000000.0,-1728000000.0
MDLZ,2013-09-30,False,Q3,2013,10-Q,8472000000.0,1262000000.0,1024000000.0,0.58,0.57,0.14,74859000000.0,15463000000.0,15269000000.0,3692000000.0,32492000000.0,1198000000.0,-1015000000.0,-881000000.0
MDLZ,2013-12-31,False,FY,2013,10-K,35299000000.0,3971000000.0,3915000000.0,2.21,2.19,0.54,72557000000.0,13216000000.0,14396000000.0,2664000000.0,32532000000.0,6410000000.0,-1483000000.0,-6645000000.0
MDLZ,2014-03-31,False,Q1,2014,10-Q,8641000000.0,843000000.0,163000000.0,0.1,0.09,0.14,72960000000.0,13702000000.0,15325000000.0,236.0,31776000000.0,-577000000.0,-317000000.0,679000000.0
MDLZ,2014-06-30,False,Q2,2014,10-Q,8436000000.0,957000000.0,622000000.0,0.37,0.36,0.14,72680000000.0,13100000000.0,14915000000.0,261000000.0,32407000000.0,368000000.0,-698000000.0,-163000000.0
MDLZ,2014-09-30,False,Q3,2014,10-Q,8337000000.0,853000000.0,899000000.0,0.53,0.53,0.15,69967000000.0,12846000000.0,14615000000.0,275000000.0,30956000000.0,1149000000.0,-1100000000.0,-869000000.0
MDLZ,2014-12-31,False,FY,2014,10-K,34244000000.0,3242000000.0,2184000000.0,1.29,1.28,0.58,66815000000.0,11750000000.0,14007000000.0,278000000.0,27853000000.0,3562000000.0,-1642000000.0,-2688000000.0
MDLZ,2015-03-31,False,Q1,2015,10-Q,7762000000.0,811000000.0,324000000.0,0.2,0.19,0.15,64206000000.0,11864000000.0,16466000000.0,313000000.0,24612000000.0,-282000000.0,417000000.0,185000000.0
MDLZ,2015-06-30,False,Q2,2015,10-Q,7661000000.0,841000000.0,406000000.0,0.25,0.25,0.15,65118000000.0,11888000000.0,16788000000.0,388000000.0,24734000000.0,571000000.0,583000000.0,-297000000.0
MDLZ,2015-09-30,False,Q3,2015,10-Q,6849000000.0,7802000000.0,7266000000.0,4.52,4.46,0.17,66390000000.0,12174000000.0,13637000000.0,401000000.0,29952000000.0,1412000000.0,3460000000.0,-4270000000.0
MDLZ,2015-12-31,False,FY,2015,10-K,29636000000.0,8897000000.0,7267000000.0,4.49,4.44,0.64,62843000000.0,8958000000.0,10922000000.0,611000000.0,28100000000.0,3728000000.0,2649000000.0,-5883000000.0
MDLZ,2016-03-31,False,Q1,2016,10-Q,6455000000.0,722000000.0,554000000.0,0.35,0.35,0.17,63975000000.0,9009000000.0,13178000000.0,1338000000.0,27862000000.0,-454000000.0,-316000000.0,207000000.0
MDLZ,2016-06-30,False,Q2,2016,10-Q,6302000000.0,638000000.0,464000000.0,0.3,0.29,0.17,63271000000.0,8979000000.0,12996000000.0,1755000000.0,27676000000.0,337000000.0,-505000000.0,28000000.0
MDLZ,2016-09-30,False,Q3,2016,10-Q,6396000000.0,702000000.0,548000000.0,0.35,0.35,0.19,63265000000.0,8855000000.0,13957000000.0,1686000000.0,27577000000.0,1138000000.0,-521000000.0,-830000000.0
MDLZ,2016-12-31,False,FY,2016,10-K,25923000000.0,2569000000.0,1659000000.0,1.07,1.05,0.72,61538000000.0,8480000000.0,14417000000.0,1741000000.0,25215000000.0,2838000000.0,-1029000000.0,-1862000000.0
MDLZ,2017-03-31,False,Q1,2017,10-Q,6414000000.0,840000000.0,630000000.0,0.41,0.41,0.19,62076000000.0,8415000000.0,15057000000.0,1307000000.0,25719000000.0,-557000000.0,-287000000.0,378000000.0
MDLZ,2017-06-30,False,Q2,2017,10-Q,5986000000.0,641000000.0,498000000.0,0.33,0.32,0.19,62757000000.0,8193000000.0,15563000000.0,1397000000.0,25792000000.0,262000000.0,-286000000.0,-376000000.0
MDLZ,2017-09-30,False,Q3,2017,10-Q,6530000000.0,1181000000.0,992000000.0,0.66,0.65,0.22,63291000000.0,8155000000.0,16035000000.0,844000000.0,26099000000.0,797000000.0,-128000000.0,-1648000000.0
