symbol,end_date,amend,period_focus,fiscal_year,doc_type,revenues,op_income,net_income,eps_basic,eps_diluted,dividend,assets,cur_assets,cur_liab,cash,equity,cash_flow_op,cash_flow_inv,cash_flow_fin
MJN,2011-03-31,False,Q1,2011,10-Q,899800000.0,,145600000.0,0.71,0.71,0.26,2465400000.0,1600500000.0,1028200000.0,708600000.0,-262500000.0,199100000.0,-32500000.0,-71100000.0
MJN,2011-06-30,False,Q2,2011,10-Q,932000000.0,,131700000.0,0.64,0.64,0.26,2526100000.0,1669100000.0,1016700000.0,703700000.0,-196700000.0,291700000.0,-48900000.0,-156100000.0
MJN,2011-09-30,False,Q3,2011,10-Q,933900000.0,,144300000.0,0.71,0.7,0.26,2580000000.0,1715900000.0,1037600000.0,761300000.0,-152300000.0,459900000.0,-76300000.0,-218600000.0
MJN,2011-12-31,False,FY,2011,10-K,3677000000.0,,507100000.0,2.48,2.47,1.04,2766800000.0,1889700000.0,1200100000.0,840300000.0,-168000000.0,632800000.0,-112600000.0,-275200000.0
MJN,2012-03-31,False,Q1,2012,10-Q,986600000.0,,163800000.0,0.8,0.8,0.3,2866700000.0,1761300000.0,1126100000.0,660700000.0,-75400000.0,19400000.0,-136000000.0,-71100000.0
MJN,2012-06-30,False,Q2,2012,10-Q,1012300000.0,,165400000.0,0.81,0.81,0.3,2959800000.0,1827700000.0,1142600000.0,787300000.0,1800000.0,267200000.0,-155300000.0,-156500000.0
MJN,2012-09-30,False,Q3,2012,10-Q,921300000.0,,140000000.0,0.69,0.69,0.3,3145400000.0,1986300000.0,1293900000.0,958400000.0,42500000.0,440100000.0,-188400000.0,-136700000.0
MJN,2012-12-31,False,FY,2012,10-K,3901300000.0,,603100000.0,2.96,2.95,1.2,3258200000.0,2015000000.0,1369900000.0,1042100000.0,29000000.0,692700000.0,-228800000.0,-267500000.0
MJN,2013-03-31,False,Q1,2013,10-Q,1037900000.0,,172100000.0,0.85,0.85,0.34,3275500000.0,2055900000.0,1316900000.0,1017200000.0,88700000.0,207900000.0,-77400000.0,-154100000.0
MJN,2013-06-30,False,Q2,2013,10-Q,1055300000.0,,161900000.0,0.8,0.8,0.34,3278800000.0,2045500000.0,1242600000.0,1003900000.0,158200000.0,399800000.0,-116700000.0,-310200000.0
MJN,2013-09-30,False,Q3,2013,10-Q,1046800000.0,,161300000.0,0.8,0.79,0.34,3355700000.0,2080700000.0,1230400000.0,985200000.0,220100000.0,592000000.0,-178000000.0,-462300000.0
MJN,2013-12-31,False,FY,2013,10-K,4200700000.0,,648300000.0,3.2,3.19,1.36,3474100000.0,2118100000.0,1781300000.0,1050800000.0,300500000.0,806600000.0,-240500000.0,-545700000.0
MJN,2014-03-31,False,Q1,2014,10-Q,1113300000.0,,202100000.0,1.0,1.0,0.38,3541200000.0,2238400000.0,1780900000.0,1090000000.0,359300000.0,197600000.0,-58700000.0,-87600000.0
MJN,2014-06-30,False,Q2,2014,10-Q,1111100000.0,,171100000.0,0.85,0.84,0.375,4112500000.0,2772200000.0,1743700000.0,1586300000.0,447700000.0,304000000.0,-90500000.0,330800000.0
MJN,2014-09-30,False,Q3,2014,10-Q,1090700000.0,,187300000.0,0.93,0.92,0.375,3691800000.0,2336800000.0,1237100000.0,1195200000.0,523800000.0,564600000.0,-139800000.0,-263400000.0
MJN,2014-12-31,False,FY,2014,10-K,4409300000.0,,718500000.0,3.55,3.54,1.5,3776500000.0,2418100000.0,1206500000.0,1297700000.0,583800000.0,793400000.0,-182400000.0,-325500000.0
MJN,2015-03-31,False,Q1,2015,10-Q,1094400000.0,,207000000.0,1.02,1.02,0.4125,3884700000.0,2538900000.0,1200000000.0,1433900000.0,676400000.0,274500000.0,-45900000.0,-80300000.0
MJN,2015-06-30,False,Q2,2015,10-Q,1032400000.0,,162600000.0,0.8,0.8,0.4125,3959100000.0,2616700000.0,1229700000.0,1475100000.0,798100000.0,456500000.0,-79600000.0,-181600000.0
MJN,2015-09-30,False,Q3,2015,10-Q,977500000.0,,154700000.0,0.77,0.77,0.4125,3777900000.0,2435200000.0,1193600000.0,1363500000.0,392200000.0,608900000.0,-124800000.0,-374000000.0
MJN,2015-12-31,False,FY,2015,10-K,4071300000.0,,651800000.0,3.28,3.27,1.65,3998100000.0,2602400000.0,1253300000.0,1701400000.0,-592500000.0,909900000.0,-173200000.0,-286800000.0
MJN,2016-03-31,False,Q1,2016,10-Q,962100000.0,,72400000.0,0.39,0.39,0.4125,4016800000.0,2634400000.0,1242300000.0,1702300000.0,-592400000.0,160100000.0,-55500000.0,-77000000.0
MJN,2016-06-30,False,Q2,2016,10-Q,941500000.0,,154500000.0,0.83,0.83,0.4125,4028600000.0,2619900000.0,1160500000.0,1716000000.0,-519400000.0,276100000.0,-80600000.0,-148900000.0
MJN,2016-09-30,False,Q3,2016,10-Q,937500000.0,,148700000.0,0.8,0.8,0.4125,4193700000.0,2805700000.0,1250000000.0,1843200000.0,-438700000.0,510700000.0,-110000000.0,-225900000.0
MJN,2016-12-31,False,FY,2016,10-K,3742700000.0,,542700000.0,2.93,2.92,1.65,4087700000.0,2706600000.0,1244200000.0,1795400000.0,-472100000.0,691600000.0,-148700000.0,-399600000.0
MJN,2017-03-31,False,Q1,2017,10-Q,883500000.0,,119200000.0,0.65,0.65,0.4125,4227100000.0,2817300000.0,1308800000.0,1724400000.0,-392800000.0,196400000.0,-48400000.0,-74600000.0
