symbol,end_date,amend,period_focus,fiscal_year,doc_type,revenues,op_income,net_income,eps_basic,eps_diluted,dividend,assets,cur_assets,cur_liab,cash,equity,cash_flow_op,cash_flow_inv,cash_flow_fin
HANS,2010-06-30,False,Q2,2010,10-Q,365701000.0,109676000.0,63838000.0,0.72,0.69,0.0,964895000.0,769213000.0,158918000.0,409911000.0,678464000.0,126723000.0,-31148000.0,-12114000.0
HANS,2010-09-30,False,Q3,2010,10-Q,381466000.0,107555000.0,66496000.0,0.75,0.72,0.0,1026680000.0,842533000.0,139777000.0,509629000.0,761974000.0,170815000.0,13448000.0,-2749000.0
HANS,2010-12-31,False,FY,2010,10-K,1303942000.0,347814000.0,212029000.0,2.4,2.28,0.0,1082131000.0,898153000.0,128834000.0,354842000.0,828398000.0,229044000.0,-212510000.0,9238000.0
HANS,2011-03-31,False,Q1,2011,10-Q,356419000.0,88455000.0,55043000.0,0.62,0.59,0.0,1131992000.0,955819000.0,155247000.0,295505000.0,853553000.0,23613000.0,-48505000.0,-34674000.0
HANS,2011-06-30,False,Q2,2011,10-Q,462145000.0,132482000.0,84248000.0,0.95,0.9,0.0,1233570000.0,1054135000.0,161850000.0,418197000.0,950344000.0,123966000.0,-34931000.0,-27106000.0
HANS,2011-09-30,False,Q3,2011,10-Q,474709000.0,132090000.0,82392000.0,0.94,0.88,0.0,1218428000.0,1038732000.0,165929000.0,287157000.0,932546000.0,233003000.0,-170662000.0,-129064000.0
MNST,2011-12-31,False,FY,2011,10-K,1703230000.0,456423000.0,286219000.0,1.62,1.53,0.0,1362399000.0,1182677000.0,266090000.0,359331000.0,979158000.0,333827000.0,-173027000.0,-154192000.0
MNST,2012-03-31,False,Q1,2012,10-Q,454605000.0,126285000.0,76099000.0,0.44,0.41,0.0,1470745000.0,1284463000.0,288117000.0,391438000.0,1067328000.0,36770000.0,-20014000.0,2604000.0
MNST,2012-06-30,False,Q2,2012,10-Q,592640000.0,169773000.0,109795000.0,0.62,0.59,0.0,1601517000.0,1414257000.0,299832000.0,419167000.0,1187929000.0,110069000.0,-57547000.0,8268000.0
MNST,2012-09-30,False,Q3,2012,10-Q,541940000.0,140685000.0,86142000.0,0.49,0.47,0.0,1318922000.0,1128937000.0,317038000.0,283054000.0,889675000.0,218049000.0,78952000.0,-375735000.0
MNST,2012-12-31,False,FY,2012,10-K,2060702000.0,550623000.0,340020000.0,1.96,1.86,0.0,1043325000.0,835068000.0,288545000.0,222514000.0,644397000.0,287676000.0,271849000.0,-699075000.0
MNST,2013-03-31,False,Q1,2013,10-Q,484223000.0,107306000.0,63496000.0,0.38,0.37,0.0,1147372000.0,936699000.0,329766000.0,242533000.0,701371000.0,45893000.0,-15415000.0,-11100000.0
MNST,2013-06-30,False,Q2,2013,10-Q,630934000.0,179427000.0,106873000.0,0.64,0.62,0.0,1317842000.0,1093822000.0,346174000.0,283839000.0,856021000.0,99720000.0,-70580000.0,30981000.0
MNST,2013-09-30,False,Q3,2013,10-Q,590422000.0,151429000.0,92187000.0,0.55,0.53,0.0,1511867000.0,1278457000.0,438272000.0,287019000.0,960391000.0,275834000.0,-246697000.0,33725000.0
MNST,2013-12-31,False,FY,2013,10-K,2246428000.0,572916000.0,338661000.0,2.03,1.95,0.0,1420509000.0,1183043000.0,316014000.0,211349000.0,992279000.0,342033000.0,-339808000.0,-17886000.0
MNST,2014-03-31,False,FY,2014,10-Q,536129000.0,148863000.0,95250000.0,0.57,0.55,0.0,1593583000.0,1355213000.0,380366000.0,312020000.0,1102726000.0,136402000.0,-43944000.0,7690000.0
MNST,2014-06-30,False,Q2,2014,10-Q,687199000.0,215813000.0,141003000.0,0.84,0.81,0.0,1769019000.0,1487353000.0,404841000.0,373051000.0,1255631000.0,258977000.0,-108018000.0,9987000.0
MNST,2014-09-30,False,Q3,2014,10-Q,635972000.0,189907000.0,121600000.0,0.73,0.7,0.0,1862878000.0,1617479000.0,370611000.0,408323000.0,1386440000.0,407049000.0,-222982000.0,17149000.0
MNST,2014-12-31,False,FY,2014,10-K,2464867000.0,747505000.0,483185000.0,2.89,2.77,0.0,1938875000.0,1693429000.0,355716000.0,370323000.0,1515150000.0,585567000.0,-440403000.0,19298000.0
MNST,2015-03-31,False,Q1,2015,10-Q,626791000.0,7629000.0,4414000.0,0.03,0.03,0.0,2084946000.0,1841895000.0,549287000.0,362787000.0,1468354000.0,-81755000.0,129640000.0,-47780000.0
MNST,2015-06-30,False,Q2,2015,10-Q,693722000.0,366139000.0,229004000.0,1.29,1.26,0.0,5791581000.0,3922379000.0,491927000.0,1696295000.0,4854820000.0,-139535000.0,-105867000.0,1576704000.0
MNST,2015-09-30,False,Q3,2015,10-Q,756619000.0,291438000.0,174574000.0,0.85,0.84,0.0,5603738000.0,3750647000.0,504606000.0,1240717000.0,4654557000.0,47820000.0,-408658000.0,1235184000.0
MNST,2015-12-31,False,FY,2015,10-K,2722564000.0,893653000.0,546733000.0,2.9,2.84,0.0,5675189000.0,3582602000.0,514189000.0,2175417000.0,4809410000.0,207986000.0,400066000.0,1202348000.0
MNST,2016-03-31,False,Q1,2016,10-Q,680186000.0,254713000.0,163877000.0,0.81,0.79,0.0,5883484000.0,3792872000.0,540655000.0,2528109000.0,4991846000.0,109559000.0,234272000.0,1540000.0
MNST,2016-06-30,False,Q2,2016,10-Q,827488000.0,288523000.0,184219000.0,0.92,0.9,0.0,4038056000.0,1292825000.0,497356000.0,434769000.0,3192411000.0,247555000.0,2625000.0,-1995186000.0
MNST,2016-09-30,False,Q3,2016,10-Q,787954000.0,290375000.0,191643000.0,1.01,0.99,0.0,4236431000.0,1550024000.0,472642000.0,341526000.0,3398400000.0,420702000.0,-266719000.0,-1993557000.0
MNST,2016-12-31,False,FY,2016,10-K,3049393000.0,1085338000.0,712685000.0,1.21,1.19,0.0,4153471000.0,1432270000.0,470589000.0,377582000.0,3329709000.0,701355000.0,-256193000.0,-2238391000.0
MNST,2017-03-31,False,Q1,2017,10-Q,742146000.0,264262000.0,177980000.0,0.31,0.31,0.0,4349747000.0,1616816000.0,469824000.0,576337000.0,3530226000.0,192964000.0,-6302000.0,12857000.0
MNST,2017-06-30,False,Q2,2017,10-Q,907068000.0,350041000.0,222633000.0,0.39,0.39,0.0,4684131000.0,1880079000.0,561171000.0,777655000.0,3776017000.0,533222000.0,-154680000.0,17457000.0
MNST,2017-09-30,False,Q3,2017,10-Q,909476000.0,317372000.0,218744000.0,0.39,0.38,0.0,4708906000.0,1934297000.0,597684000.0,465559000.0,3768154000.0,790057000.0,-483405000.0,-224275000.0
