symbol,end_date,amend,period_focus,fiscal_year,doc_type,revenues,op_income,net_income,eps_basic,eps_diluted,dividend,assets,cur_assets,cur_liab,cash,equity,cash_flow_op,cash_flow_inv,cash_flow_fin
MON,2017-08-31,False,FY,2017,10-K,14640000000.0,3212000000.0,2260000000.0,5.15,5.09,2.16,21333000000.0,8651000000.0,6398000000.0,1856000000.0,6458000000.0,3226000000.0,-1107000000.0,-1966000000.0
MON,2010-11-30,False,Q1,2011,10-Q,1830000000.0,58000000.0,6000000.0,0.01,0.01,0.0,18814000000.0,8056000000.0,4534000000.0,1732000000.0,10223000000.0,624000000.0,-124000000.0,-340000000.0
MON,2010-08-31,False,FY,2010,10-K,10502000000.0,1607000000.0,1109000000.0,2.04,2.01,1.08,17867000000.0,7122000000.0,3541000000.0,1485000000.0,10143000000.0,1398000000.0,-834000000.0,-1038000000.0
MON,2010-05-31,False,Q3,2010,10-Q,2962000000.0,559000000.0,384000000.0,0.71,0.7,0.0,18338000000.0,7900000000.0,3705000000.0,475000000.0,10617000000.0,-538000000.0,-614000000.0,-323000000.0
MON,2013-05-31,False,Q3,2013,10-Q,4248000000.0,1238000000.0,909000000.0,1.7,1.68,0.0,21679000000.0,11141000000.0,3814000000.0,2921000000.0,14078000000.0,786000000.0,-387000000.0,-739000000.0
MON,2013-02-28,False,Q2,2013,10-Q,5472000000.0,2112000000.0,1483000000.0,2.78,2.74,0.75,22079000000.0,11534000000.0,4709000000.0,4443000000.0,13458000000.0,1857000000.0,-301000000.0,-422000000.0
MON,2012-11-30,False,Q1,2013,10-Q,2939000000.0,509000000.0,339000000.0,0.63,0.63,0.0,22537000000.0,12060000000.0,6161000000.0,4637000000.0,12465000000.0,1569000000.0,-96000000.0,-116000000.0
MON,2011-08-31,True,FY,2011,10-K,11822000000.0,2502000000.0,1607000000.0,3.0,2.96,1.14,19844000000.0,8809000000.0,4729000000.0,2572000000.0,11716000000.0,2814000000.0,-975000000.0,-864000000.0
MON,2012-08-31,False,FY,2012,10-K,13504000000.0,3148000000.0,2045000000.0,3.83,3.79,1.28,20224000000.0,9658000000.0,4221000000.0,3283000000.0,12036000000.0,3051000000.0,-1034000000.0,-1165000000.0
MON,2012-05-31,False,Q3,2012,10-Q,4219000000.0,1350000000.0,937000000.0,1.76,1.74,0.0,19984000000.0,9783000000.0,4282000000.0,1716000000.0,12272000000.0,853000000.0,-542000000.0,-1021000000.0
MON,2012-02-29,False,Q2,2012,10-Q,4748000000.0,1809000000.0,1211000000.0,2.27,2.24,0.6,20721000000.0,10024000000.0,5193000000.0,3123000000.0,12196000000.0,1672000000.0,-402000000.0,-672000000.0
MON,2011-11-30,False,Q1,2012,10-Q,2439000000.0,245000000.0,126000000.0,0.24,0.23,0.0,20423000000.0,9734000000.0,5853000000.0,3007000000.0,11200000000.0,1110000000.0,-254000000.0,-340000000.0
MON,2010-08-31,True,FY,2010,10-K,10483000000.0,1603000000.0,1096000000.0,2.02,1.99,1.08,17852000000.0,7050000000.0,3556000000.0,1485000000.0,10113000000.0,1398000000.0,-834000000.0,-1038000000.0
MON,2011-08-31,False,FY,2011,10-K,11822000000.0,2502000000.0,1607000000.0,3.0,2.96,1.14,19844000000.0,8809000000.0,4729000000.0,2572000000.0,11716000000.0,2814000000.0,-975000000.0,-864000000.0
MON,2011-05-31,True,Q3,2011,10-Q,3608000000.0,1021000000.0,692000000.0,1.29,1.28,0.0,20008000000.0,8855000000.0,3662000000.0,1074000000.0,12056000000.0,944000000.0,-707000000.0,-766000000.0
MON,2011-02-28,True,Q2,2011,10-Q,4131000000.0,1487000000.0,1018000000.0,1.9,1.88,0.56,19603000000.0,8589000000.0,4501000000.0,1837000000.0,11108000000.0,1441000000.0,-524000000.0,-668000000.0
MON,2010-11-30,True,Q1,2011,10-Q,1836000000.0,64000000.0,9000000.0,0.02,0.02,0.0,18789000000.0,7977000000.0,4536000000.0,1732000000.0,10196000000.0,624000000.0,-124000000.0,-340000000.0
MON,2010-08-31,True,FY,2010,10-K,10483000000.0,1603000000.0,1096000000.0,2.02,1.99,1.08,17852000000.0,7050000000.0,3556000000.0,1485000000.0,10113000000.0,1398000000.0,-834000000.0,-1038000000.0
MON,2011-05-31,False,Q3,2011,10-Q,3590000000.0,1003000000.0,680000000.0,1.27,1.26,0.0,20086000000.0,8987000000.0,3718000000.0,1074000000.0,12070000000.0,944000000.0,-707000000.0,-766000000.0
MON,2011-02-28,False,Q2,2011,10-Q,4129000000.0,1485000000.0,1017000000.0,1.9,1.88,0.56,19649000000.0,8692000000.0,4521000000.0,1837000000.0,11134000000.0,1441000000.0,-524000000.0,-668000000.0
MON,2010-02-28,False,Q2,2010,10-Q,3890000000.0,1278000000.0,887000000.0,1.63,1.6,0.53,18246000000.0,8245000000.0,3679000000.0,1607000000.0,10741000000.0,256000000.0,-345000000.0,-259000000.0
MON,2009-11-30,False,Q1,2010,10-Q,1697000000.0,-38000000.0,-19000000.0,-0.03,-0.03,0.0,17606000000.0,7431000000.0,3354000000.0,471000000.0,10343000000.0,-1414000000.0,-197000000.0,113000000.0
MON,2015-05-31,False,Q3,2015,10-Q,4579000000.0,1644000000.0,1141000000.0,2.41,2.39,0.0,22259000000.0,10589000000.0,4097000000.0,1179000000.0,8360000000.0,-30000000.0,-759000000.0,-143000000.0
MON,2015-02-28,False,Q2,2015,10-Q,5197000000.0,2020000000.0,1425000000.0,2.95,2.92,0.98,22402000000.0,10699000000.0,5472000000.0,2732000000.0,7668000000.0,1518000000.0,-532000000.0,-406000000.0
MON,2014-11-30,False,Q1,2015,10-Q,2870000000.0,419000000.0,243000000.0,0.5,0.5,0.0,23374000000.0,11398000000.0,6999000000.0,3136000000.0,7432000000.0,1349000000.0,-380000000.0,-107000000.0
MON,2013-11-30,False,Q1,2014,10-Q,3143000000.0,565000000.0,368000000.0,0.7,0.69,0.0,24077000000.0,12496000000.0,6698000000.0,4496000000.0,12739000000.0,1698000000.0,-1241000000.0,346000000.0
MON,2013-08-31,False,FY,2013,10-K,14861000000.0,3570000000.0,2482000000.0,4.65,4.6,1.56,20664000000.0,10077000000.0,4336000000.0,3668000000.0,12728000000.0,2740000000.0,-777000000.0,-1485000000.0
MON,2014-08-31,False,FY,2014,10-K,15855000000.0,4075000000.0,2740000000.0,5.28,5.22,1.78,21981000000.0,9675000000.0,5112000000.0,2367000000.0,7914000000.0,3054000000.0,-2095000000.0,-2259000000.0
MON,2014-05-31,False,Q3,2014,10-Q,4250000000.0,1249000000.0,858000000.0,1.64,1.62,0.0,23281000000.0,11237000000.0,3931000000.0,1898000000.0,14850000000.0,371000000.0,-1734000000.0,-420000000.0
MON,2014-02-28,False,Q2,2014,10-Q,5832000000.0,2418000000.0,1670000000.0,3.18,3.15,0.86,23457000000.0,11550000000.0,5051000000.0,3805000000.0,13841000000.0,1846000000.0,-1556000000.0,-147000000.0
MON,2017-05-31,False,Q3,2017,10-Q,4230000000.0,1164000000.0,843000000.0,1.92,1.9,0.0,21758000000.0,10018000000.0,6958000000.0,1614000000.0,6548000000.0,690000000.0,-752000000.0,-4000000.0
MON,2017-02-28,False,Q2,2017,10-Q,5074000000.0,1864000000.0,1368000000.0,3.12,3.09,1.08,21373000000.0,9882000000.0,7289000000.0,2281000000.0,5554000000.0,1537000000.0,-438000000.0,-494000000.0
MON,2016-11-30,False,Q1,2017,10-Q,2650000000.0,247000000.0,29000000.0,0.07,0.07,0.0,20959000000.0,9652000000.0,7500000000.0,2129000000.0,4417000000.0,1463000000.0,-327000000.0,-655000000.0
MON,2016-08-31,False,FY,2016,10-K,13502000000.0,2375000000.0,1336000000.0,3.02,2.99,2.16,19736000000.0,8157000000.0,6729000000.0,1676000000.0,4545000000.0,2588000000.0,-864000000.0,-3742000000.0
MON,2016-05-31,False,Q3,2016,10-Q,4189000000.0,1249000000.0,717000000.0,1.64,1.63,0.0,20328000000.0,9055000000.0,6180000000.0,1205000000.0,5114000000.0,415000000.0,-639000000.0,-2233000000.0
MON,2016-02-29,False,Q2,2016,10-Q,4532000000.0,1663000000.0,1063000000.0,2.42,2.41,1.08,19413000000.0,8483000000.0,5939000000.0,1050000000.0,4151000000.0,1389000000.0,-483000000.0,-3502000000.0
MON,2015-11-30,False,Q1,2015,10-Q,2219000000.0,-272000000.0,-253000000.0,-0.56,-0.56,0.0,21446000000.0,10467000000.0,8501000000.0,2277000000.0,3568000000.0,1363000000.0,-336000000.0,-2414000000.0
MON,2015-08-31,False,FY,2015,10-K,15001000000.0,3523000000.0,2314000000.0,4.85,4.81,2.01,21920000000.0,10625000000.0,5177000000.0,3701000000.0,7005000000.0,3108000000.0,-1019000000.0,-430000000.0
