symbol,end_date,amend,period_focus,fiscal_year,doc_type,revenues,op_income,net_income,eps_basic,eps_diluted,dividend,assets,cur_assets,cur_liab,cash,equity,cash_flow_op,cash_flow_inv,cash_flow_fin
MSFT,2009-09-30,False,Q1,2010,10-Q,12920000000.0,4482000000.0,3574000000.0,0.4,0.4,0.13,81612000000.0,52231000000.0,28761000000.0,8823000000.0,41212000000.0,6107000000.0,-1199000000.0,-2190000000.0
MSFT,2009-12-31,False,Q2,2010,10-Q,19022000000.0,8513000000.0,6662000000.0,0.75,0.74,0.13,82096000000.0,52487000000.0,25715000000.0,9422000000.0,44283000000.0,4969000000.0,-92000000.0,-4277000000.0
MSFT,2010-03-31,False,Q3,2010,10-Q,14503000000.0,5173000000.0,4006000000.0,0.46,0.45,0.13,84910000000.0,54518000000.0,26424000000.0,8155000000.0,45710000000.0,7393000000.0,-5904000000.0,-2726000000.0
MSFT,2010-06-30,False,FY,2010,10-K,62484000000.0,24098000000.0,18760000000.0,2.13,2.1,0.52,86113000000.0,55676000000.0,26147000000.0,5505000000.0,46175000000.0,24073000000.0,-11314000000.0,-13291000000.0
MSFT,2010-09-30,False,Q1,2011,10-Q,16195000000.0,7116000000.0,5410000000.0,0.63,0.62,0.16,91540000000.0,59581000000.0,25857000000.0,8161000000.0,46942000000.0,8194000000.0,-4957000000.0,-639000000.0
MSFT,2010-12-31,False,Q2,2011,10-Q,19953000000.0,8165000000.0,6634000000.0,0.78,0.77,0.16,92306000000.0,59684000000.0,24312000000.0,4023000000.0,48481000000.0,4186000000.0,-1570000000.0,-6751000000.0
MSFT,2011-03-31,False,Q3,2011,10-Q,16428000000.0,5709000000.0,5232000000.0,0.62,0.61,0.16,99727000000.0,66263000000.0,24042000000.0,7021000000.0,53452000000.0,8672000000.0,-7139000000.0,1437000000.0
MSFT,2011-06-30,False,FY,2011,10-K,69943000000.0,27161000000.0,23150000000.0,2.73,2.69,0.64,108704000000.0,74918000000.0,28774000000.0,9610000000.0,57083000000.0,26994000000.0,-14616000000.0,-8376000000.0
MSFT,2011-09-30,False,Q1,2012,10-Q,17372000000.0,7203000000.0,5738000000.0,0.68,0.68,0.2,107415000000.0,75271000000.0,25543000000.0,12881000000.0,59391000000.0,8493000000.0,-2315000000.0,-2869000000.0
MSFT,2011-12-31,False,Q2,2012,10-Q,20885000000.0,7994000000.0,6624000000.0,0.79,0.78,0.2,112243000000.0,72513000000.0,25373000000.0,10610000000.0,64121000000.0,5862000000.0,-5568000000.0,-2513000000.0
MSFT,2012-03-31,False,Q3,2012,10-Q,17407000000.0,6374000000.0,5108000000.0,0.61,0.6,0.2,118010000000.0,76860000000.0,26170000000.0,6388000000.0,68659000000.0,9594000000.0,-12241000000.0,-1605000000.0
MSFT,2012-06-30,False,FY,2012,10-K,73723000000.0,21763000000.0,16978000000.0,2.02,2.0,0.8,121271000000.0,85084000000.0,32688000000.0,6938000000.0,66363000000.0,31626000000.0,-24786000000.0,-9408000000.0
MSFT,2012-09-30,False,Q1,2013,10-Q,16008000000.0,5308000000.0,4466000000.0,0.53,0.53,0.23,121876000000.0,84051000000.0,31402000000.0,5036000000.0,68836000000.0,8484000000.0,-7719000000.0,-2714000000.0
MSFT,2012-12-31,False,Q2,2013,10-Q,21456000000.0,7771000000.0,6377000000.0,0.76,0.76,0.23,128683000000.0,89574000000.0,31910000000.0,6017000000.0,72576000000.0,4780000000.0,-2593000000.0,-1221000000.0
MSFT,2013-03-31,False,Q3,2013,10-Q,20489000000.0,7612000000.0,6055000000.0,0.72,0.72,0.23,134105000000.0,93524000000.0,31929000000.0,5240000000.0,76688000000.0,9666000000.0,-7660000000.0,-2744000000.0
MSFT,2013-06-30,False,FY,2013,10-K,77849000000.0,26764000000.0,21863000000.0,2.61,2.58,0.92,142431000000.0,101466000000.0,37417000000.0,3804000000.0,78944000000.0,28833000000.0,-23811000000.0,-8148000000.0
MSFT,2013-09-30,False,Q1,2014,10-Q,18529000000.0,6334000000.0,5244000000.0,0.63,0.62,0.28,142348000000.0,99450000000.0,34623000000.0,4023000000.0,81641000000.0,8205000000.0,-4614000000.0,-3396000000.0
MSFT,2013-12-31,False,Q2,2014,10-Q,24519000000.0,7969000000.0,6558000000.0,0.79,0.78,0.28,153543000000.0,106870000000.0,33742000000.0,10059000000.0,85100000000.0,4413000000.0,-1025000000.0,2615000000.0
MSFT,2014-03-31,False,Q3,2014,10-Q,20403000000.0,6974000000.0,5660000000.0,0.68,0.68,0.28,156119000000.0,109006000000.0,33903000000.0,11572000000.0,87424000000.0,10099000000.0,-4284000000.0,-4304000000.0
MSFT,2014-06-30,False,FY,2014,10-K,86833000000.0,27759000000.0,22074000000.0,2.66,2.63,1.12,172384000000.0,114246000000.0,45625000000.0,8669000000.0,89784000000.0,32231000000.0,-18833000000.0,-8394000000.0
MSFT,2014-09-30,False,Q1,2015,10-Q,23201000000.0,5844000000.0,4540000000.0,0.55,0.54,0.31,169656000000.0,112439000000.0,44694000000.0,6302000000.0,90170000000.0,8354000000.0,-7737000000.0,-2978000000.0
MSFT,2014-12-31,False,Q2,2015,10-Q,26470000000.0,7776000000.0,5863000000.0,0.71,0.71,0.31,174848000000.0,116362000000.0,47415000000.0,6426000000.0,91879000000.0,4340000000.0,-4716000000.0,534000000.0
MSFT,2015-03-31,False,Q3,2015,10-Q,21729000000.0,6594000000.0,4985000000.0,0.61,0.61,0.31,176683000000.0,118398000000.0,40748000000.0,7414000000.0,90132000000.0,9570000000.0,-5481000000.0,-3065000000.0
MSFT,2015-06-30,False,FY,2015,10-K,93580000000.0,18161000000.0,12193000000.0,1.49,1.48,1.24,176223000000.0,124712000000.0,49858000000.0,5595000000.0,80083000000.0,29080000000.0,-23001000000.0,-9080000000.0
MSFT,2015-09-30,False,Q1,2016,10-Q,20379000000.0,5793000000.0,4620000000.0,0.58,0.57,0.36,172896000000.0,121656000000.0,49399000000.0,5431000000.0,77445000000.0,8594000000.0,-5066000000.0,-3648000000.0
MSFT,2015-12-31,False,Q2,2016,10-Q,23796000000.0,6026000000.0,4998000000.0,0.63,0.62,0.36,180098000000.0,127812000000.0,42643000000.0,7185000000.0,76780000000.0,5598000000.0,-3328000000.0,-498000000.0
MSFT,2016-03-31,False,Q3,2016,10-Q,20531000000.0,5283000000.0,3756000000.0,0.48,0.47,0.36,181869000000.0,128421000000.0,44354000000.0,7170000000.0,74806000000.0,10367000000.0,-5483000000.0,-4916000000.0
MSFT,2016-06-30,False,FY,2016,10-K,85320000000.0,20182000000.0,16798000000.0,2.12,2.1,1.44,193694000000.0,139660000000.0,59357000000.0,6510000000.0,71997000000.0,33325000000.0,-23950000000.0,-8393000000.0
MSFT,2016-09-30,False,Q1,2017,10-Q,20453000000.0,5225000000.0,4690000000.0,0.6,0.6,0.39,212524000000.0,157909000000.0,58810000000.0,13928000000.0,70372000000.0,11549000000.0,-18470000000.0,14329000000.0
MSFT,2016-12-31,False,Q2,2017,10-Q,24090000000.0,6177000000.0,5200000000.0,0.67,0.66,0.39,224610000000.0,144949000000.0,70787000000.0,8468000000.0,68809000000.0,6293000000.0,-14751000000.0,3016000000.0
MSFT,2017-03-31,False,Q3,2017,10-Q,22090000000.0,5594000000.0,4801000000.0,0.62,0.61,0.39,225017000000.0,146313000000.0,52005000000.0,6713000000.0,69729000000.0,10660000000.0,-6191000000.0,-6236000000.0
MSFT,2017-06-30,False,FY,2017,10-K,89950000000.0,22326000000.0,21204000000.0,2.74,2.71,1.56,241086000000.0,159851000000.0,64527000000.0,7663000000.0,72394000000.0,39507000000.0,-46781000000.0,8408000000.0
MSFT,2017-09-30,False,Q1,2018,10-Q,24538000000.0,7708000000.0,6576000000.0,0.85,0.84,0.42,249097000000.0,161031000000.0,51615000000.0,6884000000.0,89647000000.0,12440000000.0,-6904000000.0,-6341000000.0
