symbol,end_date,amend,period_focus,fiscal_year,doc_type,revenues,op_income,net_income,eps_basic,eps_diluted,dividend,assets,cur_assets,cur_liab,cash,equity,cash_flow_op,cash_flow_inv,cash_flow_fin
MU,2009-12-03,False,Q1,2010,10-Q,1740000000.0,201000000.0,204000000.0,0.24,0.23,0.0,11726000000.0,3769000000.0,2242000000.0,1565000000.0,7091000000.0,326000000.0,-25000000.0,-221000000.0
MU,2010-12-02,False,Q1,2011,10-Q,2252000000.0,390000000.0,155000000.0,0.16,0.15,0.0,14617000000.0,5783000000.0,2758000000.0,2411000000.0,9994000000.0,732000000.0,-436000000.0,-798000000.0
MU,2011-03-03,False,Q2,2011,10-Q,2257000000.0,179000000.0,72000000.0,0.07,0.07,0.0,14398000000.0,5654000000.0,2590000000.0,2184000000.0,9962000000.0,1541000000.0,-1238000000.0,-1032000000.0
MU,2011-06-02,False,Q3,2011,10-Q,2139000000.0,237000000.0,75000000.0,0.07,0.07,0.0,14570000000.0,6045000000.0,2588000000.0,2395000000.0,10032000000.0,2130000000.0,-1372000000.0,-1276000000.0
MU,2011-09-01,False,FY,2011,10-K,8788000000.0,755000000.0,167000000.0,0.17,0.17,0.0,14752000000.0,5832000000.0,2480000000.0,2160000000.0,9852000000.0,2484000000.0,-2201000000.0,-1036000000.0
MU,2011-12-01,False,Q1,2012,10-Q,2090000000.0,-82000000.0,-187000000.0,-0.19,-0.19,0.0,14211000000.0,5491000000.0,2021000000.0,1915000000.0,9709000000.0,404000000.0,-714000000.0,65000000.0
MU,2012-03-01,False,Q2,2012,10-Q,2009000000.0,-205000000.0,-282000000.0,-0.29,-0.29,0.0,14139000000.0,5659000000.0,2102000000.0,2094000000.0,9359000000.0,978000000.0,-1183000000.0,139000000.0
MU,2012-05-31,False,Q3,2012,10-Q,2172000000.0,-191000000.0,-320000000.0,-0.32,-0.32,0.0,14316000000.0,5630000000.0,2177000000.0,2191000000.0,8486000000.0,1664000000.0,-1980000000.0,347000000.0
MU,2012-08-30,False,FY,2012,10-K,8234000000.0,-618000000.0,-1032000000.0,-1.04,-1.04,0.0,14328000000.0,5758000000.0,2243000000.0,2459000000.0,8417000000.0,2114000000.0,-2312000000.0,497000000.0
MU,2012-11-29,False,Q1,2013,10-Q,1834000000.0,-157000000.0,-275000000.0,-0.27,-0.27,0.0,14067000000.0,5315000000.0,2138000000.0,2102000000.0,8186000000.0,236000000.0,-639000000.0,46000000.0
MU,2013-02-28,False,Q2,2013,10-Q,2078000000.0,-23000000.0,-286000000.0,-0.28,-0.28,0.0,13912000000.0,5364000000.0,2117000000.0,2061000000.0,7960000000.0,470000000.0,-999000000.0,131000000.0
MU,2013-05-30,False,Q3,2013,10-Q,2318000000.0,149000000.0,43000000.0,0.04,0.04,0.0,14055000000.0,5886000000.0,2342000000.0,2440000000.0,8026000000.0,1094000000.0,-1170000000.0,57000000.0
MU,2013-08-29,False,FY,2013,10-K,9073000000.0,236000000.0,1190000000.0,1.16,1.13,0.0,19118000000.0,8911000000.0,4125000000.0,2880000000.0,10006000000.0,1811000000.0,-1712000000.0,322000000.0
MU,2013-11-28,False,Q1,2014,10-Q,4042000000.0,551000000.0,358000000.0,0.34,0.3,0.0,19794000000.0,9369000000.0,4513000000.0,3654000000.0,10146000000.0,1507000000.0,21000000.0,-735000000.0
MU,2014-02-27,False,Q2,2014,10-Q,4107000000.0,869000000.0,731000000.0,0.69,0.61,0.0,20615000000.0,9991000000.0,5305000000.0,4305000000.0,10044000000.0,2897000000.0,-451000000.0,-1006000000.0
MU,2014-05-29,False,Q3,2014,10-Q,3982000000.0,839000000.0,806000000.0,0.76,0.68,0.0,20495000000.0,9705000000.0,4760000000.0,4062000000.0,10697000000.0,4352000000.0,-923000000.0,-2234000000.0
MU,2014-08-28,False,FY,2014,10-K,16358000000.0,3087000000.0,3045000000.0,2.87,2.54,0.0,22498000000.0,10245000000.0,4811000000.0,4150000000.0,11573000000.0,5699000000.0,-2453000000.0,-1948000000.0
MU,2014-12-04,False,Q1,2015,10-Q,4573000000.0,1085000000.0,1003000000.0,0.94,0.84,0.0,22542000000.0,9672000000.0,4419000000.0,3764000000.0,12493000000.0,1592000000.0,-1076000000.0,-806000000.0
MU,2015-03-05,False,Q2,2015,10-Q,4166000000.0,855000000.0,934000000.0,0.87,0.78,0.0,23818000000.0,9918000000.0,4120000000.0,3547000000.0,13241000000.0,2843000000.0,-3202000000.0,-144000000.0
MU,2015-06-04,False,Q3,2015,10-Q,3853000000.0,631000000.0,491000000.0,0.46,0.42,0.0,25136000000.0,10008000000.0,4566000000.0,3694000000.0,13355000000.0,4178000000.0,-4722000000.0,215000000.0
MU,2015-09-03,False,FY,2015,10-K,16192000000.0,2998000000.0,2899000000.0,2.71,2.47,0.0,24143000000.0,8596000000.0,3905000000.0,2287000000.0,13239000000.0,5208000000.0,-6232000000.0,-718000000.0
MU,2015-12-03,False,Q1,2016,10-Q,3350000000.0,232000000.0,206000000.0,0.2,0.19,0.0,24388000000.0,8510000000.0,4025000000.0,2605000000.0,13275000000.0,1120000000.0,-660000000.0,-140000000.0
MU,2016-03-03,False,Q2,2016,10-Q,2934000000.0,-5000000.0,-97000000.0,-0.09,-0.09,0.0,24819000000.0,8805000000.0,4411000000.0,3078000000.0,13239000000.0,1883000000.0,-1026000000.0,-68000000.0
MU,2016-06-02,False,Q3,2016,10-Q,2898000000.0,-27000000.0,-215000000.0,-0.21,-0.21,0.0,27001000000.0,10110000000.0,4500000000.0,4627000000.0,13034000000.0,2272000000.0,-1642000000.0,1703000000.0
MU,2016-09-01,False,FY,2016,10-K,12399000000.0,168000000.0,-276000000.0,-0.27,-0.27,0.0,27540000000.0,9495000000.0,4835000000.0,4140000000.0,12928000000.0,3168000000.0,-3068000000.0,1745000000.0
MU,2016-12-01,False,Q1,2017,10-Q,3970000000.0,359000000.0,180000000.0,0.17,0.16,0.0,27836000000.0,9504000000.0,5546000000.0,4139000000.0,13168000000.0,1138000000.0,-890000000.0,-212000000.0
MU,2017-03-02,False,Q2,2017,10-Q,4648000000.0,1044000000.0,894000000.0,0.81,0.77,0.0,32355000000.0,9945000000.0,5207000000.0,3633000000.0,15135000000.0,2543000000.0,-5366000000.0,2341000000.0
MU,2017-06-01,False,Q3,2017,10-Q,5566000000.0,1963000000.0,1647000000.0,1.49,1.4,0.0,33267000000.0,11023000000.0,5143000000.0,4048000000.0,17019000000.0,4950000000.0,-6239000000.0,1207000000.0
MU,2017-08-31,False,FY,2017,10-K,20322000000.0,5868000000.0,5089000000.0,4.67,4.41,0.0,35336000000.0,12457000000.0,5334000000.0,5109000000.0,19470000000.0,8153000000.0,-7537000000.0,349000000.0
