symbol,end_date,amend,period_focus,fiscal_year,doc_type,revenues,op_income,net_income,eps_basic,eps_diluted,dividend,assets,cur_assets,cur_liab,cash,equity,cash_flow_op,cash_flow_inv,cash_flow_fin
NDAQ,2010-06-30,False,Q2,2010,10-Q,876000000.0,179000000.0,96000000.0,0.46,0.46,0.0,9910000000.0,2888000000.0,2334000000.0,526000000.0,4693000000.0,223000000.0,-14000000.0,-258000000.0
NDAQ,2010-09-30,False,Q3,2010,10-Q,751000000.0,165000000.0,101000000.0,0.51,0.5,0.0,10355000000.0,2880000000.0,2367000000.0,336000000.0,5078000000.0,257000000.0,-79000000.0,-430000000.0
NDAQ,2010-12-31,False,FY,2010,10-K,3197000000.0,631000000.0,395000000.0,1.94,1.91,0.0,16207000000.0,8510000000.0,8231000000.0,315000000.0,4729000000.0,440000000.0,-118000000.0,-595000000.0
NDAQ,2011-03-31,False,Q1,2011,10-Q,817000000.0,181000000.0,104000000.0,0.59,0.57,0.0,18065000000.0,10175000000.0,9795000000.0,439000000.0,5037000000.0,171000000.0,-24000000.0,-27000000.0
NDAQ,2011-06-30,False,Q2,2011,10-Q,838000000.0,158000000.0,92000000.0,0.52,0.51,0.0,14217000000.0,6429000000.0,5919000000.0,578000000.0,5160000000.0,430000000.0,-76000000.0,-96000000.0
NDAQ,2011-09-30,False,Q3,2011,10-Q,946000000.0,195000000.0,110000000.0,0.62,0.61,0.0,13157000000.0,5677000000.0,4980000000.0,543000000.0,4996000000.0,436000000.0,-96000000.0,-105000000.0
NDAQ,2011-12-31,False,FY,2011,10-K,3438000000.0,696000000.0,387000000.0,2.2,2.15,0.0,14091000000.0,6573000000.0,6030000000.0,506000000.0,4986000000.0,669000000.0,-146000000.0,-325000000.0
NDAQ,2012-03-31,False,Q1,2012,10-Q,801000000.0,171000000.0,85000000.0,0.49,0.48,0.0,9021000000.0,1406000000.0,859000000.0,525000000.0,5161000000.0,108000000.0,63000000.0,-159000000.0
NDAQ,2012-06-30,False,Q2,2012,10-Q,823000000.0,175000000.0,93000000.0,0.55,0.53,0.13,8927000000.0,1410000000.0,987000000.0,491000000.0,4970000000.0,318000000.0,-14000000.0,-317000000.0
NDAQ,2012-09-30,False,Q3,2012,10-Q,743000000.0,170000000.0,89000000.0,0.53,0.52,0.13,8920000000.0,1329000000.0,805000000.0,438000000.0,5136000000.0,356000000.0,-27000000.0,-403000000.0
NDAQ,2012-12-31,False,FY,2012,10-K,3119000000.0,690000000.0,352000000.0,2.09,2.04,0.39,9132000000.0,1492000000.0,927000000.0,497000000.0,5209000000.0,594000000.0,-128000000.0,-485000000.0
NDAQ,2013-03-31,False,Q1,2013,10-Q,744000000.0,90000000.0,42000000.0,0.26,0.25,0.13,9188000000.0,1608000000.0,1114000000.0,591000000.0,5203000000.0,149000000.0,-14000000.0,-35000000.0
NDAQ,2013-06-30,False,Q2,2013,10-Q,814000000.0,159000000.0,88000000.0,0.53,0.52,0.13,11953000000.0,2610000000.0,2416000000.0,379000000.0,5863000000.0,255000000.0,-1142000000.0,777000000.0
NDAQ,2013-09-30,False,Q3,2013,10-Q,805000000.0,202000000.0,113000000.0,0.68,0.66,0.13,12486000000.0,3072000000.0,2707000000.0,300000000.0,6056000000.0,337000000.0,-1184000000.0,656000000.0
NDAQ,2013-12-31,False,FY,2013,10-K,3211000000.0,688000000.0,385000000.0,2.3,2.25,0.52,12577000000.0,3163000000.0,2800000000.0,425000000.0,6184000000.0,574000000.0,-1189000000.0,547000000.0
NDAQ,2014-03-31,False,Q1,2014,10-Q,898000000.0,184000000.0,103000000.0,0.61,0.59,0.28,12978000000.0,3519000000.0,3578000000.0,384000000.0,6240000000.0,183000000.0,-46000000.0,-153000000.0
NDAQ,2014-06-30,False,Q2,2014,10-Q,865000000.0,191000000.0,101000000.0,0.6,0.59,0.0,13116000000.0,3718000000.0,3424000000.0,314000000.0,6207000000.0,383000000.0,-94000000.0,-373000000.0
NDAQ,2014-09-30,False,Q3,2014,10-Q,818000000.0,207000000.0,123000000.0,0.73,0.71,0.15,12692000000.0,3557000000.0,3194000000.0,286000000.0,6118000000.0,407000000.0,-96000000.0,-415000000.0
NDAQ,2014-12-31,False,FY,2014,10-K,3500000000.0,754000000.0,414000000.0,2.45,2.39,0.58,12087000000.0,3400000000.0,2980000000.0,427000000.0,5794000000.0,687000000.0,-155000000.0,-485000000.0
NDAQ,2015-03-31,False,Q1,2015,10-Q,858000000.0,27000000.0,9000000.0,0.05,0.05,0.15,12242000000.0,3688000000.0,3440000000.0,328000000.0,5545000000.0,231000000.0,-326000000.0,4000000.0
NDAQ,2015-06-30,False,Q2,2015,10-Q,807000000.0,217000000.0,133000000.0,0.79,0.77,0.25,12104000000.0,3446000000.0,3146000000.0,324000000.0,5716000000.0,406000000.0,-418000000.0,-88000000.0
NDAQ,2015-09-30,False,Q3,2015,10-Q,871000000.0,231000000.0,138000000.0,0.83,0.8,0.25,11770000000.0,3160000000.0,2852000000.0,290000000.0,5546000000.0,472000000.0,-382000000.0,-221000000.0
NDAQ,2015-12-31,False,FY,2015,10-K,3403000000.0,720000000.0,428000000.0,2.56,2.5,0.9,11861000000.0,3284000000.0,2944000000.0,301000000.0,5609000000.0,685000000.0,-441000000.0,-362000000.0
NDAQ,2016-03-31,False,Q1,2016,10-Q,905000000.0,219000000.0,132000000.0,0.8,0.78,0.57,13717000000.0,4722000000.0,4429000000.0,331000000.0,5697000000.0,251000000.0,-294000000.0,68000000.0
NDAQ,2016-06-30,False,Q2,2016,10-Q,897000000.0,174000000.0,70000000.0,0.42,0.42,0.0,15099000000.0,4596000000.0,4308000000.0,344000000.0,5717000000.0,392000000.0,-1573000000.0,1223000000.0
NDAQ,2016-09-30,False,Q3,2016,10-Q,929000000.0,233000000.0,131000000.0,0.79,0.77,0.32,14808000000.0,4346000000.0,4054000000.0,257000000.0,5754000000.0,453000000.0,-1591000000.0,1093000000.0
NDAQ,2016-12-31,False,FY,2016,10-K,3705000000.0,839000000.0,108000000.0,0.65,0.64,1.21,14150000000.0,4560000000.0,4082000000.0,403000000.0,5430000000.0,722000000.0,-1657000000.0,1002000000.0
NDAQ,2017-03-31,False,Q1,2017,10-Q,971000000.0,248000000.0,169000000.0,1.02,0.99,0.32,14490000000.0,4947000000.0,4886000000.0,386000000.0,5352000000.0,244000000.0,-8000000.0,-192000000.0
NDAQ,2017-06-30,False,Q2,2017,10-Q,1000000000.0,244000000.0,147000000.0,0.89,0.87,0.38,14660000000.0,4921000000.0,4987000000.0,356000000.0,5576000000.0,514000000.0,-104000000.0,-464000000.0
NDAQ,2017-09-30,False,Q3,2017,10-Q,969000000.0,264000000.0,171000000.0,1.03,1.01,0.38,15072000000.0,5446000000.0,4723000000.0,530000000.0,5735000000.0,609000000.0,-73000000.0,-418000000.0
