symbol,end_date,amend,period_focus,fiscal_year,doc_type,revenues,op_income,net_income,eps_basic,eps_diluted,dividend,assets,cur_assets,cur_liab,cash,equity,cash_flow_op,cash_flow_inv,cash_flow_fin
NFX,2009-06-30,False,Q2,2009,10-Q,287000000.0,39000000.0,-39000000.0,-0.3,-0.3,0.0,6058000000.0,1080000000.0,818000000.0,38000000.0,2547000000.0,712000000.0,-776000000.0,78000000.0
NFX,2009-09-30,False,Q3,2009,10-Q,375000000.0,112000000.0,78000000.0,0.59,0.58,0.0,6037000000.0,942000000.0,805000000.0,96000000.0,2638000000.0,1217000000.0,-1043000000.0,-102000000.0
NFX,2009-12-31,False,FY,2009,10-K,1338000000.0,-1067000000.0,-542000000.0,-4.18,-4.18,0.0,6254000000.0,893000000.0,873000000.0,78000000.0,2768000000.0,1578000000.0,-1356000000.0,-168000000.0
NFX,2010-06-30,False,Q2,2010,10-Q,448000000.0,130000000.0,96000000.0,0.73,0.72,0.0,7008000000.0,904000000.0,921000000.0,122000000.0,3128000000.0,888000000.0,-974000000.0,130000000.0
NFX,2010-09-30,False,Q3,2010,10-Q,449000000.0,146000000.0,161000000.0,1.22,1.2,0.0,7226000000.0,860000000.0,876000000.0,128000000.0,3300000000.0,1307000000.0,-1392000000.0,135000000.0
NFX,2010-12-31,False,FY,2010,10-K,1883000000.0,614000000.0,523000000.0,3.97,3.91,0.0,7494000000.0,731000000.0,928000000.0,39000000.0,3343000000.0,1630000000.0,-1951000000.0,282000000.0
NFX,2011-03-31,False,Q1,2011,10-Q,545000000.0,178000000.0,-17000000.0,-0.13,-0.13,0.0,7716000000.0,707000000.0,931000000.0,56000000.0,3328000000.0,309000000.0,-407000000.0,115000000.0
NFX,2011-06-30,False,Q2,2011,10-Q,621000000.0,200000000.0,219000000.0,1.64,1.62,0.0,8481000000.0,748000000.0,961000000.0,74000000.0,3562000000.0,729000000.0,-1267000000.0,573000000.0
NFX,2011-09-30,False,Q3,2011,10-Q,628000000.0,178000000.0,269000000.0,2.0,1.99,0.0,8903000000.0,708000000.0,973000000.0,31000000.0,3838000000.0,1173000000.0,-1842000000.0,661000000.0
NFX,2011-12-31,False,FY,2011,10-K,2471000000.0,736000000.0,539000000.0,4.03,3.99,0.0,8991000000.0,775000000.0,932000000.0,76000000.0,3920000000.0,1589000000.0,-2236000000.0,684000000.0
NFX,2012-03-31,False,Q1,2012,10-Q,678000000.0,197000000.0,116000000.0,0.86,0.86,0.0,9037000000.0,834000000.0,897000000.0,27000000.0,4042000000.0,212000000.0,-168000000.0,-93000000.0
NFX,2012-06-30,False,Q2,2012,10-Q,628000000.0,111000000.0,135000000.0,1.0,1.0,0.0,9844000000.0,1412000000.0,880000000.0,656000000.0,4191000000.0,575000000.0,-568000000.0,573000000.0
NFX,2012-09-30,False,Q3,2012,10-Q,615000000.0,106000000.0,-33000000.0,-0.24,-0.24,0.0,9431000000.0,859000000.0,899000000.0,125000000.0,4168000000.0,804000000.0,-921000000.0,166000000.0
NFX,2012-12-31,False,FY,2012,10-K,2567000000.0,-967000000.0,-1184000000.0,-8.8,-8.8,0.0,7912000000.0,866000000.0,959000000.0,88000000.0,2780000000.0,1147000000.0,-1159000000.0,24000000.0
NFX,2013-03-31,False,Q1,2013,10-Q,651000000.0,145000000.0,-8000000.0,-0.06,-0.06,0.0,7928000000.0,672000000.0,920000000.0,44000000.0,2782000000.0,359000000.0,-399000000.0,-4000000.0
NFX,2013-06-30,False,Q2,2013,10-Q,188000000.0,,111000000.0,0.82,0.82,0.0,8381000000.0,759000000.0,976000000.0,51000000.0,2907000000.0,610000000.0,-873000000.0,226000000.0
NFX,2013-09-30,False,Q3,2013,10-Q,189000000.0,,7000000.0,0.05,0.05,0.0,8743000000.0,773000000.0,1076000000.0,89000000.0,2919000000.0,1095000000.0,-1504000000.0,410000000.0
NFX,2013-12-31,False,FY,2013,10-K,2668000000.0,,127000000.0,0.94,0.94,0.0,9321000000.0,901000000.0,1290000000.0,95000000.0,2956000000.0,1445000000.0,-2058000000.0,620000000.0
NFX,2014-03-31,False,Q1,2014,10-Q,108000000.0,,284000000.0,2.08,2.07,0.0,8651000000.0,587000000.0,915000000.0,107000000.0,3250000000.0,365000000.0,297000000.0,-650000000.0
NFX,2014-06-30,False,Q2,2014,10-Q,4000000.0,,-22000000.0,-0.16,-0.16,0.0,8956000000.0,528000000.0,1129000000.0,36000000.0,3242000000.0,733000000.0,-176000000.0,-616000000.0
NFX,2014-09-30,False,Q3,2014,10-Q,0.0,,278000000.0,2.04,2.02,0.0,9068000000.0,906000000.0,925000000.0,396000000.0,3525000000.0,1070000000.0,-114000000.0,-655000000.0
NFX,2014-12-31,False,FY,2014,10-K,2369000000.0,,900000000.0,6.59,6.52,0.0,9598000000.0,940000000.0,1101000000.0,14000000.0,3893000000.0,1387000000.0,-660000000.0,-808000000.0
NFX,2015-03-31,False,Q1,2015,10-Q,46000000.0,,-480000000.0,-3.3,-3.3,0.0,9678000000.0,1610000000.0,862000000.0,783000000.0,4238000000.0,205000000.0,-486000000.0,1050000000.0
NFX,2015-06-30,False,Q2,2015,10-Q,99000000.0,,-992000000.0,-6.09,-6.09,0.0,7458000000.0,885000000.0,845000000.0,42000000.0,3257000000.0,577000000.0,-898000000.0,349000000.0
NFX,2015-09-30,False,Q3,2015,10-Q,61000000.0,,-1227000000.0,-7.52,-7.52,0.0,5513000000.0,663000000.0,718000000.0,7000000.0,2031000000.0,889000000.0,-1285000000.0,389000000.0
NFX,2015-12-31,False,FY,2015,10-K,262000000.0,,-3362000000.0,-21.18,-21.18,0.0,4768000000.0,625000000.0,647000000.0,5000000.0,1379000000.0,1209000000.0,-1598000000.0,380000000.0
NFX,2016-03-31,False,Q1,2016,10-Q,284000000.0,-578000000.0,-624000000.0,-3.52,-3.52,0.0,4777000000.0,1088000000.0,525000000.0,537000000.0,1538000000.0,72000000.0,-275000000.0,735000000.0
NFX,2016-06-30,False,Q2,2016,10-Q,381000000.0,-498000000.0,-667000000.0,-3.36,-3.36,0.0,4285000000.0,638000000.0,657000000.0,165000000.0,872000000.0,378000000.0,-945000000.0,727000000.0
NFX,2016-09-30,False,Q3,2016,10-Q,392000000.0,45000000.0,48000000.0,0.24,0.24,0.0,4213000000.0,899000000.0,585000000.0,478000000.0,916000000.0,587000000.0,-829000000.0,715000000.0
NFX,2016-12-31,False,FY,2016,10-K,1255000000.0,,-1230000000.0,-6.36,-6.36,0.0,4312000000.0,949000000.0,684000000.0,555000000.0,938000000.0,826000000.0,-991000000.0,715000000.0
NFX,2017-03-31,False,Q1,2017,10-Q,417000000.0,121000000.0,147000000.0,0.74,0.73,0.0,4388000000.0,865000000.0,583000000.0,469000000.0,1100000000.0,167000000.0,-251000000.0,-2000000.0
NFX,2017-06-30,False,Q2,2017,10-Q,402000000.0,99000000.0,98000000.0,0.49,0.49,0.0,4595000000.0,883000000.0,678000000.0,522000000.0,1207000000.0,467000000.0,-493000000.0,-7000000.0
NFX,2017-09-30,False,Q3,2017,10-Q,439000000.0,112000000.0,87000000.0,0.44,0.44,0.0,4744000000.0,836000000.0,712000000.0,428000000.0,1301000000.0,640000000.0,-754000000.0,-13000000.0
