symbol,end_date,amend,period_focus,fiscal_year,doc_type,revenues,op_income,net_income,eps_basic,eps_diluted,dividend,assets,cur_assets,cur_liab,cash,equity,cash_flow_op,cash_flow_inv,cash_flow_fin
NVDA,2009-07-26,False,Q2,2009,10-Q,776520000.0,-110107000.0,-105302000.0,-0.19,-0.19,0.0,3298409000.0,2167905000.0,891321000.0,523785000.0,2247409000.0,277245000.0,-140062000.0,-31086000.0
NVDA,2009-10-25,False,Q3,2009,10-Q,903206000.0,107845000.0,107577000.0,0.2,0.19,0.0,3463574000.0,2357716000.0,888806000.0,614490000.0,2423635000.0,418562000.0,-235559000.0,13799000.0
NVDA,2010-01-31,False,FY,2010,10-K,3326445000.0,-98945000.0,-67987000.0,-0.12,-0.12,0.0,3585918000.0,2480830000.0,784378000.0,447221000.0,2665140000.0,487807000.0,-519333000.0,61059000.0
NVDA,2010-05-02,False,Q1,2011,10-Q,1001813000.0,147393000.0,137594000.0,0.24,0.23,0.0,3803030000.0,2726980000.0,765293000.0,447262000.0,2860645000.0,-5397000.0,-57342000.0,62780000.0
NVDA,2010-08-01,False,Q2,2011,10-Q,811208000.0,-175207000.0,-140961000.0,-0.25,-0.25,0.0,3731268000.0,2655962000.0,819139000.0,377003000.0,2760514000.0,28947000.0,-176443000.0,77278000.0
NVDA,2010-10-31,False,Q3,2011,10-Q,843912000.0,103783000.0,84862000.0,0.15,0.15,0.0,3915579000.0,2807702000.0,816489000.0,451174000.0,2897880000.0,241124000.0,-340427000.0,103256000.0
NVDA,2011-01-30,False,FY,2011,10-K,3543309000.0,255747000.0,253146000.0,0.44,0.43,0.0,4495246000.0,3226950000.0,942682000.0,665361000.0,3181462000.0,675797000.0,-649678000.0,192021000.0
NVDA,2011-05-01,False,Q1,2012,10-Q,962039000.0,154862000.0,135219000.0,0.23,0.22,0.0,4736744000.0,3496763000.0,981166000.0,683633000.0,3447808000.0,172200000.0,-252506000.0,98578000.0
NVDA,2011-07-31,False,Q2,2012,10-Q,1016517000.0,174030000.0,151573000.0,0.25,0.25,0.0,4864424000.0,3317557000.0,960299000.0,532614000.0,3689469000.0,254221000.0,-525724000.0,138756000.0
NVDA,2011-10-30,False,Q3,2012,10-Q,1066180000.0,197090000.0,178273000.0,0.29,0.29,0.0,5089043000.0,3500071000.0,886684000.0,566816000.0,3973450000.0,498638000.0,-814869000.0,217686000.0
NVDA,2012-01-29,False,FY,2012,10-K,3997930000.0,648299000.0,581090000.0,0.96,0.94,0.0,5552928000.0,3905358000.0,929958000.0,667876000.0,4145724000.0,909156000.0,-1143364000.0,236723000.0
NVDA,2012-04-29,False,Q1,2013,10-Q,924877000.0,72826000.0,60437000.0,0.1,0.1,0.0,5708167000.0,4032116000.0,947404000.0,369135000.0,4287428000.0,-9208000.0,-335054000.0,45521000.0
NVDA,2012-07-29,False,Q2,2013,10-Q,1044270000.0,139623000.0,119046000.0,0.19,0.19,0.0,5891881000.0,4213851000.0,1021960000.0,499618000.0,4453665000.0,191678000.0,-419757000.0,59821000.0
NVDA,2012-10-28,False,Q3,2013,10-Q,1204110000.0,252217000.0,209080000.0,0.34,0.33,0.075,6075144000.0,4424827000.0,991359000.0,525388000.0,4722846000.0,373163000.0,-602556000.0,86905000.0
NVDA,2013-01-27,False,FY,2013,10-K,4280159000.0,648239000.0,562536000.0,0.91,0.9,0.075,6412245000.0,4775258000.0,976223000.0,732786000.0,4827703000.0,824172000.0,-743992000.0,-15270000.0
NVDA,2013-04-28,False,Q1,2014,10-Q,954739000.0,82781000.0,77891000.0,0.13,0.13,0.075,6279527000.0,4606616000.0,925577000.0,561423000.0,4824936000.0,175650000.0,-230786000.0,-116227000.0
NVDA,2013-07-28,False,Q2,2014,10-Q,977238000.0,105534000.0,96448000.0,0.16,0.16,0.075,5569592000.0,3922608000.0,935791000.0,591321000.0,4172173000.0,272119000.0,481032000.0,-894616000.0
NVDA,2013-10-27,False,Q3,2014,10-Q,1053967000.0,140988000.0,118734000.0,0.2,0.2,0.075,5711373000.0,4049841000.0,985927000.0,562084000.0,4320647000.0,434434000.0,293659000.0,-898795000.0
NVDA,2014-01-26,False,FY,2014,10-K,4130162000.0,496227000.0,439990000.0,0.75,0.74,0.31,7250894000.0,5624711000.0,945496000.0,1151587000.0,4456398000.0,835146000.0,-805937000.0,389592000.0
NVDA,2014-04-27,False,Q1,2015,10-Q,1102787000.0,151359000.0,136516000.0,0.24,0.24,0.0,6864663000.0,5273798000.0,897945000.0,509165000.0,4166985000.0,151022000.0,-330322000.0,-463122000.0
NVDA,2014-07-27,False,Q2,2015,10-Q,1102824000.0,163179000.0,127976000.0,0.23,0.22,0.085,6933719000.0,5377586000.0,868729000.0,515092000.0,4304786000.0,247304000.0,-393276000.0,-490523000.0
NVDA,2014-10-26,False,Q3,2015,10-Q,1225382000.0,213315000.0,172967000.0,0.32,0.31,0.085,6885869000.0,5341109000.0,933907000.0,394683000.0,4204593000.0,462927000.0,-408871000.0,-810960000.0
NVDA,2015-01-25,False,FY,2015,10-K,4681507000.0,758989000.0,630587000.0,1.14,1.12,0.34,7201368000.0,5713297000.0,896030000.0,496654000.0,4417982000.0,905656000.0,-727048000.0,-833541000.0
NVDA,2015-04-26,False,Q1,2016,10-Q,1151000000.0,176000000.0,134000000.0,0.24,0.24,0.085,7291000000.0,5832000000.0,883000000.0,464000000.0,4556000000.0,246000000.0,-235000000.0,-44000000.0
NVDA,2015-07-26,False,Q2,2016,10-Q,1153000000.0,76000000.0,26000000.0,0.05,0.05,0.0975,6979000000.0,5608000000.0,936000000.0,435000000.0,4185000000.0,409000000.0,12000000.0,-483000000.0
NVDA,2015-10-25,False,Q3,2016,10-Q,1305000000.0,245000000.0,246000000.0,0.45,0.44,0.0975,7174000000.0,5834000000.0,855000000.0,471000000.0,4465000000.0,664000000.0,-187000000.0,-503000000.0
NVDA,2016-01-31,False,FY,2016,10-K,5010000000.0,747000000.0,614000000.0,1.13,1.08,0.115,7370000000.0,6053000000.0,2351000000.0,596000000.0,4469000000.0,1175000000.0,-400000000.0,-676000000.0
NVDA,2016-05-01,False,Q1,2017,10-Q,1305000000.0,245000000.0,196000000.0,0.36,0.33,0.115,7108000000.0,5790000000.0,2377000000.0,547000000.0,4196000000.0,309000000.0,176000000.0,-534000000.0
NVDA,2016-07-31,False,Q2,2017,10-Q,1428000000.0,317000000.0,253000000.0,0.47,0.4,0.115,7461000000.0,6156000000.0,2407000000.0,426000000.0,4480000000.0,493000000.0,-93000000.0,-570000000.0
NVDA,2016-10-30,False,Q3,2017,10-Q,2004000000.0,639000000.0,542000000.0,1.01,0.83,0.115,9612000000.0,8307000000.0,2041000000.0,1940000000.0,5324000000.0,951000000.0,-420000000.0,813000000.0
NVDA,2017-01-29,False,FY,2017,10-K,6910000000.0,1934000000.0,1666000000.0,3.08,2.57,0.485,9841000000.0,8536000000.0,1788000000.0,1766000000.0,5762000000.0,1672000000.0,-793000000.0,291000000.0
NVDA,2017-04-30,False,Q1,2018,10-Q,1937000000.0,554000000.0,507000000.0,0.86,0.79,0.14,9410000000.0,8116000000.0,983000000.0,1989000000.0,6132000000.0,282000000.0,754000000.0,-813000000.0
NVDA,2017-07-30,False,Q2,2018,10-Q,2230000000.0,688000000.0,583000000.0,0.98,0.92,0.14,9402000000.0,8070000000.0,1032000000.0,1988000000.0,5973000000.0,987000000.0,1016000000.0,-1781000000.0
NVDA,2017-10-29,False,Q3,2018,10-Q,2636000000.0,895000000.0,838000000.0,1.39,1.33,0.14,9830000000.0,8479000000.0,1027000000.0,2802000000.0,6352000000.0,2144000000.0,1302000000.0,-2410000000.0
