symbol,end_date,amend,period_focus,fiscal_year,doc_type,revenues,op_income,net_income,eps_basic,eps_diluted,dividend,assets,cur_assets,cur_liab,cash,equity,cash_flow_op,cash_flow_inv,cash_flow_fin
NWL,2010-06-30,False,Q2,2010,10-Q,1496200000.0,203500000.0,130400000.0,0.46,0.41,0.05,6564500000.0,2400800000.0,1764200000.0,259800000.0,1898900000.0,183400000.0,-64100000.0,-137100000.0
NWL,2010-09-30,False,Q3,2010,10-Q,1487300000.0,174500000.0,28300000.0,0.1,0.09,0.05,6570200000.0,2325500000.0,1884300000.0,153500000.0,1872900000.0,377900000.0,-102200000.0,-404200000.0
NWL,2010-12-31,False,FY,2010,10-K,5759200000.0,629900000.0,292800000.0,1.04,0.96,0.2,6405300000.0,2132000000.0,1665900000.0,139600000.0,1905500000.0,582600000.0,-153400000.0,-571900000.0
NWL,2011-03-31,False,Q1,2011,10-Q,1302700000.0,130600000.0,75700000.0,0.26,0.25,0.05,6637200000.0,2304200000.0,2005000000.0,139700000.0,2038700000.0,-108300000.0,-61100000.0,167800000.0
NWL,2011-06-30,False,Q2,2011,10-Q,1572800000.0,197900000.0,146700000.0,0.5,0.49,0.08,6892500000.0,2532200000.0,2123000000.0,143600000.0,2184700000.0,-15500000.0,-116000000.0,132400000.0
NWL,2011-09-30,False,Q3,2011,10-Q,1549900000.0,-192200000.0,-177600000.0,-0.61,-0.61,0.08,6211800000.0,2288900000.0,1775700000.0,138900000.0,1898800000.0,279800000.0,-139400000.0,-142200000.0
NWL,2011-12-31,False,FY,2011,10-K,5864600000.0,257200000.0,125200000.0,0.43,0.42,0.29,6160900000.0,2148000000.0,1660900000.0,170200000.0,1852600000.0,561300000.0,-206400000.0,-324600000.0
NWL,2012-03-31,False,Q1,2012,10-Q,1332400000.0,124200000.0,79300000.0,0.27,0.27,0.08,6288800000.0,2292000000.0,1727900000.0,190100000.0,1950800000.0,-47400000.0,-42000000.0,105900000.0
NWL,2012-06-30,False,Q2,2012,10-Q,1516200000.0,185500000.0,111800000.0,0.38,0.38,0.1,6590800000.0,2658700000.0,2448300000.0,370800000.0,1974700000.0,55700000.0,-82300000.0,227800000.0
NWL,2012-09-30,False,Q3,2012,10-Q,1535300000.0,188400000.0,108300000.0,0.37,0.37,0.1,6363300000.0,2424300000.0,2146200000.0,250100000.0,2066800000.0,357200000.0,-139000000.0,-141700000.0
NWL,2012-12-31,False,FY,2012,10-K,5902700000.0,651900000.0,401300000.0,1.38,1.37,0.43,6222000000.0,2271100000.0,1570800000.0,183800000.0,2000200000.0,618500000.0,-163000000.0,-446000000.0
NWL,2013-03-31,False,Q1,2013,10-Q,1240800000.0,97800000.0,54200000.0,0.19,0.19,0.15,6197200000.0,2356600000.0,1674600000.0,174200000.0,1988600000.0,-123100000.0,-33900000.0,148100000.0
NWL,2013-06-30,False,Q2,2013,10-Q,1474700000.0,185400000.0,109800000.0,0.38,0.37,0.15,6402900000.0,2600200000.0,1841400000.0,154100000.0,2040500000.0,-59800000.0,-57300000.0,90500000.0
NWL,2013-09-30,False,Q3,2013,10-Q,1487200000.0,178600000.0,193300000.0,0.67,0.66,0.15,6152900000.0,2384200000.0,1442800000.0,197400000.0,2193100000.0,301000000.0,97000000.0,-382200000.0
NWL,2013-12-31,False,FY,2013,10-K,5692500000.0,621000000.0,474600000.0,1.64,1.63,0.6,6069700000.0,2285600000.0,1604500000.0,226300000.0,2075000000.0,605200000.0,53400000.0,-613500000.0
NWL,2014-03-31,False,Q1,2014,10-Q,1232200000.0,105200000.0,52900000.0,0.19,0.19,0.15,5993900000.0,2231300000.0,1552800000.0,136800000.0,2073500000.0,-92100000.0,-32200000.0,73900000.0
NWL,2014-06-30,False,Q2,2014,10-Q,1521000000.0,213400000.0,150600000.0,0.54,0.54,0.17,6218100000.0,2458600000.0,1986400000.0,142700000.0,2103600000.0,4100000.0,-63900000.0,3300000.0
NWL,2014-09-30,False,Q3,2014,10-Q,1484500000.0,173200000.0,122300000.0,0.45,0.44,0.17,6349200000.0,2377400000.0,2188700000.0,132600000.0,2029000000.0,343300000.0,-408400000.0,-3000000.0
NWL,2014-12-31,False,FY,2014,10-K,5727000000.0,604700000.0,377800000.0,1.37,1.35,0.66,6681100000.0,2426600000.0,1890700000.0,199400000.0,1854900000.0,634100000.0,-751900000.0,119000000.0
NWL,2015-03-31,False,Q1,2015,10-Q,1264000000.0,98200000.0,54100000.0,0.2,0.2,0.19,6604600000.0,2423000000.0,2044200000.0,215400000.0,1699000000.0,-154300000.0,-49100000.0,218200000.0
NWL,2015-06-30,False,Q2,2015,10-Q,1560900000.0,214700000.0,148500000.0,0.55,0.55,0.19,6958800000.0,2753000000.0,2306500000.0,238700000.0,1783100000.0,-51800000.0,-77000000.0,162600000.0
NWL,2015-09-30,False,Q3,2015,10-Q,1530000000.0,186600000.0,134200000.0,0.5,0.5,0.19,6793900000.0,2586400000.0,2141200000.0,266200000.0,1788300000.0,288100000.0,-139700000.0,-69600000.0
NWL,2015-12-31,False,FY,2015,10-K,5915700000.0,601400000.0,350000000.0,1.3,1.29,0.76,7278000000.0,2493500000.0,1988600000.0,274800000.0,1826400000.0,565800000.0,-649900000.0,172300000.0
NWL,2016-03-31,False,Q1,2016,10-Q,1314900000.0,125400000.0,40500000.0,0.15,0.15,0.19,15332800000.0,10488900000.0,2194900000.0,8180900000.0,1778700000.0,-270900000.0,-70000000.0,8248100000.0
NWL,2016-06-30,False,Q2,2016,10-Q,3858600000.0,137700000.0,135200000.0,0.3,0.3,0.19,33955300000.0,6819200000.0,4185000000.0,627300000.0,11343100000.0,325600000.0,-8518700000.0,8559200000.0
NWL,2016-09-30,False,Q3,2016,10-Q,3954600000.0,323900000.0,186500000.0,0.39,0.38,0.19,34415500000.0,7880500000.0,4066500000.0,670000000.0,11462300000.0,837000000.0,-8673900000.0,8243100000.0
NWL,2016-12-31,False,FY,2016,10-K,13264000000.0,1100100000.0,527800000.0,1.25,1.25,0.76,33837500000.0,7484500000.0,4292000000.0,587500000.0,11384400000.0,1828500000.0,-8824800000.0,7340400000.0
NWL,2017-03-31,False,Q1,2017,10-Q,3266300000.0,156000000.0,638500000.0,1.32,1.31,0.19,33335300000.0,6488700000.0,4318200000.0,687500000.0,12029800000.0,-289200000.0,1205700000.0,-834000000.0
NWL,2017-06-30,False,Q2,2017,10-Q,4054600000.0,423100000.0,223000000.0,0.46,0.46,0.23,33950000000.0,7130900000.0,4791300000.0,780200000.0,12278200000.0,-241000000.0,1158300000.0,-763500000.0
NWL,2017-09-30,False,Q3,2017,10-Q,3678200000.0,323400000.0,234400000.0,0.48,0.48,0.23,33888000000.0,6949300000.0,4774200000.0,792300000.0,12770000000.0,-58000000.0,1183400000.0,-971700000.0
