symbol,end_date,amend,period_focus,fiscal_year,doc_type,revenues,op_income,net_income,eps_basic,eps_diluted,dividend,assets,cur_assets,cur_liab,cash,equity,cash_flow_op,cash_flow_inv,cash_flow_fin
ORLY,2010-03-31,False,Q1,2010,10-Q,1280067000.0,168445000.0,97476000.0,0.71,0.7,0.0,4837865000.0,2231558000.0,1254804000.0,29872000.0,2800318000.0,170646000.0,-90257000.0,-77452000.0
ORLY,2010-06-30,False,Q2,2010,10-Q,1381241000.0,181164000.0,99595000.0,0.72,0.71,0.0,4916519000.0,2257497000.0,1309104000.0,31611000.0,2930452000.0,355743000.0,-180594000.0,-170473000.0
ORLY,2010-09-30,False,Q3,2010,10-Q,1425887000.0,199031000.0,116542000.0,0.84,0.82,0.0,5023419000.0,2309596000.0,1383262000.0,43193000.0,3074271000.0,592563000.0,-274715000.0,-301590000.0
ORLY,2010-12-31,False,FY,2010,10-K,5397525000.0,712776000.0,419373000.0,3.02,2.95,0.0,5047827000.0,2301252000.0,1228958000.0,29721000.0,3209685000.0,703687000.0,-351277000.0,-349624000.0
ORLY,2011-03-31,False,Q1,2011,10-Q,1382738000.0,196437000.0,102474000.0,0.73,0.72,0.0,5248086000.0,2467411000.0,1317974000.0,230048000.0,3187850000.0,294113000.0,-92246000.0,-1540000.0
ORLY,2011-03-31,True,Q1,2011,10-Q,1382738000.0,196437000.0,102474000.0,0.73,0.72,0.0,5248086000.0,2467411000.0,1317974000.0,230048000.0,3187850000.0,294113000.0,-92246000.0,-1540000.0
ORLY,2011-06-30,False,Q2,2011,10-Q,1479318000.0,222368000.0,133772000.0,0.97,0.96,0.0,5365902000.0,2554184000.0,1458243000.0,268792000.0,3153385000.0,561468000.0,-146780000.0,-175617000.0
ORLY,2011-09-30,False,Q3,2011,10-Q,1535453000.0,241050000.0,148439000.0,1.12,1.1,0.0,5396783000.0,2536514000.0,1506047000.0,276717000.0,2830548000.0,840149000.0,-237972000.0,-355181000.0
ORLY,2011-12-31,False,FY,2011,10-K,5788816000.0,866766000.0,507673000.0,3.77,3.71,0.0,5500501000.0,2607610000.0,1580010000.0,361552000.0,2844851000.0,1118991000.0,-319653000.0,-467507000.0
ORLY,2012-03-31,False,Q1,2012,10-Q,1529392000.0,247501000.0,147492000.0,1.16,1.14,0.0,5754125000.0,2830382000.0,1801656000.0,575196000.0,2871847000.0,414528000.0,-73899000.0,-126985000.0
ORLY,2012-06-30,False,Q2,2012,10-Q,1562849000.0,243603000.0,146120000.0,1.17,1.15,0.0,5710092000.0,2763992000.0,2012898000.0,367717000.0,2612652000.0,691458000.0,-147156000.0,-538137000.0
ORLY,2012-09-30,False,Q3,2012,10-Q,1601558000.0,263318000.0,159332000.0,1.34,1.32,0.0,5849356000.0,2882850000.0,2195409000.0,422705000.0,2258523000.0,1033126000.0,-211626000.0,-760347000.0
ORLY,2012-12-31,False,FY,2012,10-K,6182184000.0,977393000.0,585746000.0,4.83,4.75,0.0,5749187000.0,2732948000.0,2272865000.0,248128000.0,2108307000.0,1251555000.0,-317407000.0,-1047572000.0
ORLY,2013-03-31,False,Q1,2013,10-Q,1585009000.0,251084000.0,154329000.0,1.38,1.36,0.0,5789541000.0,2741188000.0,2349022000.0,205410000.0,2072525000.0,226344000.0,-72100000.0,-196962000.0
ORLY,2013-06-30,False,Q2,2013,10-Q,1714969000.0,296261000.0,177127000.0,1.61,1.58,0.0,6123646000.0,3005157000.0,2430298000.0,365930000.0,2006143000.0,439412000.0,-173733000.0,-147877000.0
ORLY,2013-09-30,False,Q3,2013,10-Q,1728025000.0,300380000.0,186489000.0,1.72,1.69,0.0,6167176000.0,2975773000.0,2439056000.0,363008000.0,2035887000.0,719848000.0,-294505000.0,-310463000.0
ORLY,2013-12-31,False,FY,2013,10-K,6649237000.0,1103485000.0,670292000.0,6.14,6.03,0.0,6067208000.0,2835201000.0,2423010000.0,231318000.0,1966321000.0,908026000.0,-388754000.0,-536082000.0
ORLY,2014-03-31,False,Q1,2014,10-Q,1727943000.0,287120000.0,173860000.0,1.64,1.61,0.0,6429773000.0,3161273000.0,2597850000.0,511831000.0,2163224000.0,345549000.0,-81898000.0,16862000.0
ORLY,2014-06-30,False,Q2,2014,10-Q,1847088000.0,336474000.0,205647000.0,1.94,1.91,0.0,6507876000.0,3171967000.0,2727117000.0,453431000.0,2117581000.0,655525000.0,-192305000.0,-241107000.0
ORLY,2014-09-30,False,Q3,2014,10-Q,1876872000.0,343768000.0,216997000.0,2.1,2.06,0.0,6475176000.0,3070751000.0,2845942000.0,298283000.0,1976406000.0,982954000.0,-312083000.0,-603906000.0
ORLY,2014-12-31,False,FY,2014,10-K,7216081000.0,1270374000.0,778182000.0,7.46,7.34,0.0,6540301000.0,3066978000.0,2830556000.0,250560000.0,2018418000.0,1190430000.0,-423402000.0,-747786000.0
ORLY,2015-03-31,False,Q1,2015,10-Q,1901903000.0,350373000.0,212864000.0,2.09,2.06,0.0,6785710000.0,3274121000.0,2952381000.0,473646000.0,2143500000.0,406025000.0,-89547000.0,-93392000.0
ORLY,2015-06-30,False,Q2,2015,10-Q,2035518000.0,385768000.0,233508000.0,2.32,2.29,0.0,6668147000.0,3109033000.0,3006869000.0,260042000.0,1969985000.0,698453000.0,-182942000.0,-506029000.0
ORLY,2015-09-30,False,Q3,2015,10-Q,2080201000.0,415260000.0,266268000.0,2.68,2.64,0.0,6775266000.0,3157564000.0,3103912000.0,276916000.0,2002086000.0,1062722000.0,-291249000.0,-745117000.0
ORLY,2015-12-31,False,FY,2015,10-K,7966674000.0,1514021000.0,931216000.0,9.32,9.17,0.0,6676684000.0,3010026000.0,3046398000.0,116301000.0,1961314000.0,1281476000.0,-407188000.0,-1008547000.0
ORLY,2016-03-31,False,Q1,2016,10-Q,2096150000.0,418626000.0,255374000.0,2.63,2.59,0.0,7419773000.0,3701463000.0,3315677000.0,716008000.0,1939841000.0,488155000.0,-102063000.0,213615000.0
ORLY,2016-03-31,True,Q1,2016,10-Q,2096150000.0,418626000.0,255374000.0,2.63,2.59,0.0,7419773000.0,3701463000.0,3315677000.0,716008000.0,1939841000.0,488155000.0,-102063000.0,213615000.0
ORLY,2016-06-30,False,Q2,2016,10-Q,2176689000.0,425061000.0,257794000.0,2.69,2.65,0.0,7210640000.0,3438133000.0,3366675000.0,398259000.0,1690010000.0,798393000.0,-217398000.0,-299037000.0
ORLY,2016-09-30,False,Q3,2016,10-Q,2220955000.0,447809000.0,278493000.0,2.93,2.9,0.0,7522340000.0,3669764000.0,3465428000.0,560320000.0,1900763000.0,1168018000.0,-352698000.0,-371301000.0
ORLY,2016-12-31,False,FY,2016,10-K,8593096000.0,1699206000.0,1037691000.0,10.87,10.73,0.0,7204189000.0,3257975000.0,3400649000.0,146598000.0,1627136000.0,1454167000.0,-529096000.0,-894774000.0
ORLY,2017-03-31,False,Q1,2017,10-Q,2156259000.0,403157000.0,264934000.0,2.88,2.83,0.0,7203724000.0,3205533000.0,3505763000.0,27539000.0,1422596000.0,376700000.0,-111023000.0,-384736000.0
ORLY,2017-06-30,False,Q2,2017,10-Q,2290829000.0,457445000.0,282821000.0,3.14,3.1,0.0,7345698000.0,3289589000.0,3566133000.0,26528000.0,869312000.0,710507000.0,-228721000.0,-601856000.0
ORLY,2017-09-30,False,Q3,2017,10-Q,2339830000.0,461963000.0,283734000.0,3.26,3.22,0.0,7479328000.0,3358481000.0,3628500000.0,37287000.0,614179000.0,1087419000.0,-347922000.0,-848808000.0
