symbol,end_date,amend,period_focus,fiscal_year,doc_type,revenues,op_income,net_income,eps_basic,eps_diluted,dividend,assets,cur_assets,cur_liab,cash,equity,cash_flow_op,cash_flow_inv,cash_flow_fin
PAYX,2009-08-31,False,Q1,2010,10-Q,500214000.0,189867000.0,123620000.0,0.34,0.34,0.31,4707743000.0,3603869000.0,3259654000.0,315323000.0,1364862000.0,186618000.0,247524000.0,-591588000.0
PAYX,2009-11-30,False,Q2,2010,10-Q,496576000.0,193065000.0,125850000.0,0.35,0.35,0.31,4657132000.0,3562206000.0,3186729000.0,225304000.0,1392190000.0,279171000.0,205700000.0,-732336000.0
PAYX,2010-02-28,False,Q3,2010,10-Q,507819000.0,168249000.0,112007000.0,0.31,0.31,0.31,5788031000.0,4716531000.0,4312423000.0,279261000.0,1397120000.0,503016000.0,-950856000.0,254332000.0
PAYX,2010-05-31,False,FY,2010,10-K,2000820000.0,724795000.0,476999000.0,1.32,1.32,1.24,5226299000.0,4159117000.0,3742178000.0,284316000.0,1401979000.0,610923000.0,-401322000.0,-398054000.0
PAYX,2010-08-31,False,Q1,2011,10-Q,518300000.0,200800000.0,131900000.0,0.36,0.36,0.31,5039000000.0,3999900000.0,3520200000.0,272900000.0,1437000000.0,194300000.0,172500000.0,-378200000.0
PAYX,2010-11-30,False,Q2,2011,10-Q,512000000.0,203900000.0,133900000.0,0.37,0.37,0.31,5022700000.0,4013900000.0,3485700000.0,233200000.0,1449500000.0,319200000.0,128600000.0,-498900000.0
PAYX,2011-02-28,False,Q3,2011,10-Q,531300000.0,198900000.0,130600000.0,0.36,0.36,0.31,5962800000.0,4864800000.0,4390500000.0,236000000.0,1468200000.0,552900000.0,-869300000.0,268100000.0
PAYX,2011-05-31,False,FY,2011,10-K,2084300000.0,786400000.0,515300000.0,1.42,1.42,1.24,5393800000.0,4257900000.0,3788300000.0,119000000.0,1496200000.0,715300000.0,-409500000.0,-471100000.0
PAYX,2011-08-31,False,Q1,2012,10-Q,563100000.0,229700000.0,148900000.0,0.41,0.41,0.31,4991500000.0,3833400000.0,3337100000.0,113100000.0,1539300000.0,187200000.0,398000000.0,-591100000.0
PAYX,2011-11-30,False,Q2,2012,10-Q,545700000.0,217900000.0,140400000.0,0.39,0.39,0.32,4932000000.0,3740000000.0,3248200000.0,96100000.0,1558700000.0,297200000.0,434800000.0,-754900000.0
PAYX,2012-02-29,False,Q3,2012,10-Q,569500000.0,210400000.0,135400000.0,0.37,0.37,0.32,6094900000.0,4872200000.0,4372400000.0,146500000.0,1595400000.0,562600000.0,-791200000.0,256100000.0
PAYX,2012-05-31,False,FY,2012,10-K,2229800000.0,853900000.0,548000000.0,1.51,1.51,1.27,6479600000.0,5075900000.0,4745700000.0,108800000.0,1604500000.0,706600000.0,-1244300000.0,527500000.0
PAYX,2012-08-31,False,Q1,2013,10-Q,578200000.0,238000000.0,153100000.0,0.42,0.42,0.32,5710900000.0,4300400000.0,3919700000.0,149000000.0,1655400000.0,217700000.0,771900000.0,-949400000.0
PAYX,2012-11-30,False,Q2,2013,10-Q,569400000.0,230000000.0,147900000.0,0.41,0.41,0.33,5724200000.0,4268800000.0,3888600000.0,122600000.0,1698200000.0,326000000.0,737600000.0,-1049800000.0
PAYX,2013-02-28,False,Q3,2013,10-Q,593300000.0,225000000.0,144500000.0,0.4,0.4,0.66,7507500000.0,6319600000.0,5756500000.0,100400000.0,1605900000.0,606400000.0,-1175600000.0,560800000.0
PAYX,2013-05-31,False,FY,2013,10-K,2326200000.0,904800000.0,569000000.0,1.56,1.56,1.31,6163700000.0,4832600000.0,4268200000.0,107300000.0,1773700000.0,675300000.0,181700000.0,-858500000.0
PAYX,2013-08-31,False,Q1,2014,10-Q,607900000.0,255100000.0,162800000.0,0.45,0.44,0.35,6031200000.0,4698300000.0,4150400000.0,111600000.0,1748400000.0,266700000.0,30800000.0,-293200000.0
PAYX,2013-11-30,False,Q2,2014,10-Q,610500000.0,248600000.0,158700000.0,0.43,0.43,0.35,6019400000.0,4663800000.0,4119100000.0,213000000.0,1760400000.0,400200000.0,194300000.0,-488800000.0
PAYX,2014-02-28,False,Q3,2014,10-Q,636500000.0,250700000.0,160100000.0,0.44,0.44,0.35,7069400000.0,5719300000.0,5138900000.0,271300000.0,1788200000.0,705800000.0,-894200000.0,352400000.0
PAYX,2014-05-31,False,FY,2014,10-K,2518900000.0,982700000.0,627500000.0,1.72,1.71,1.4,6370100000.0,5011400000.0,4438900000.0,152500000.0,1777000000.0,880900000.0,-316100000.0,-519600000.0
PAYX,2014-08-31,False,Q1,2015,10-Q,666800000.0,267500000.0,171300000.0,0.47,0.47,0.38,6286600000.0,4872000000.0,4344000000.0,462600000.0,1785600000.0,263100000.0,358900000.0,-311900000.0
PAYX,2014-11-30,False,Q2,2015,10-Q,676300000.0,270200000.0,173000000.0,0.48,0.47,0.38,6274500000.0,4859900000.0,4279300000.0,140400000.0,1834300000.0,404700000.0,54700000.0,-471500000.0
PAYX,2015-02-28,False,Q3,2015,10-Q,704300000.0,264300000.0,169400000.0,0.47,0.46,0.38,7344200000.0,5957400000.0,5348000000.0,265300000.0,1872000000.0,692800000.0,-1027200000.0,447200000.0
PAYX,2015-05-31,False,FY,2015,10-K,2739600000.0,1053600000.0,674900000.0,1.86,1.85,1.52,6482500000.0,5103200000.0,4573000000.0,170000000.0,1785500000.0,895200000.0,-285000000.0,-592700000.0
PAYX,2015-08-31,False,Q1,2016,10-Q,723000000.0,296100000.0,209100000.0,0.58,0.58,0.42,5983000000.0,4588200000.0,4046400000.0,455900000.0,1790800000.0,278300000.0,759900000.0,-752300000.0
PAYX,2015-11-30,False,Q2,2016,10-Q,722400000.0,294200000.0,189200000.0,0.52,0.52,0.42,6016800000.0,4602500000.0,4009900000.0,412300000.0,1858300000.0,419900000.0,748700000.0,-926300000.0
PAYX,2016-02-29,False,Q3,2016,10-Q,752600000.0,280000000.0,180400000.0,0.5,0.5,0.42,7067500000.0,5503600000.0,5039200000.0,253100000.0,1874100000.0,791200000.0,-563600000.0,-144500000.0
PAYX,2016-05-31,False,FY,2016,10-K,2951900000.0,1146600000.0,756800000.0,2.1,2.09,1.68,6440800000.0,4863600000.0,4365900000.0,131500000.0,1911700000.0,1018200000.0,-63100000.0,-993600000.0
PAYX,2016-08-31,False,Q1,2017,10-Q,785500000.0,323000000.0,217400000.0,0.6,0.6,0.46,6096900000.0,4521000000.0,3913200000.0,130000000.0,1988100000.0,294700000.0,380300000.0,-676500000.0
PAYX,2016-11-30,False,Q2,2017,10-Q,771400000.0,311100000.0,202100000.0,0.56,0.56,0.46,5776100000.0,4215700000.0,3784100000.0,165000000.0,1815600000.0,413400000.0,697900000.0,-1077800000.0
PAYX,2017-02-28,False,Q3,2017,10-Q,795800000.0,306600000.0,202500000.0,0.56,0.56,0.46,7310300000.0,5751800000.0,5273700000.0,189900000.0,1896700000.0,769300000.0,-947100000.0,236200000.0
PAYX,2017-05-31,False,FY,2017,10-K,3151300000.0,1239600000.0,817300000.0,2.27,2.25,1.84,6833700000.0,5272000000.0,4725100000.0,184600000.0,1955300000.0,960400000.0,-424600000.0,-482700000.0
PAYX,2017-08-31,False,Q1,2018,10-Q,816800000.0,345000000.0,227800000.0,0.63,0.63,0.5,7619500000.0,5973500000.0,5455700000.0,234400000.0,1943800000.0,343600000.0,-711000000.0,417200000.0
