symbol,end_date,amend,period_focus,fiscal_year,doc_type,revenues,op_income,net_income,eps_basic,eps_diluted,dividend,assets,cur_assets,cur_liab,cash,equity,cash_flow_op,cash_flow_inv,cash_flow_fin
PCAR,2009-06-30,False,Q2,2009,10-Q,1845800000.0,,26500000.0,0.07,0.07,0.18,14922500000.0,3578700000.0,1480300000.0,1869700000.0,4916000000.0,410000000.0,489800000.0,-1013800000.0
PCAR,2009-09-30,False,Q3,2009,10-Q,2000200000.0,,13000000.0,0.04,0.04,0.09,14797400000.0,3525100000.0,1505700000.0,1799200000.0,5032900000.0,864000000.0,394600000.0,-1503800000.0
PCAR,2009-12-31,False,FY,2009,10-K,8086500000.0,,111900000.0,0.31,0.31,0.54,14569000000.0,3467100000.0,1490000000.0,1912000000.0,5103700000.0,1373300000.0,310600000.0,-1816200000.0
PCAR,2010-03-31,False,Q1,2010,10-Q,2230700000.0,,68300000.0,0.19,0.19,0.09,13990000000.0,3396400000.0,1425900000.0,1854700000.0,5092600000.0,285400000.0,40500000.0,-350800000.0
PCAR,2010-06-30,False,Q2,2010,10-Q,2464100000.0,,99600000.0,0.27,0.27,0.09,13422300000.0,3466700000.0,,1898100000.0,4994400000.0,799500000.0,-13000000.0,-674300000.0
PCAR,2010-09-30,False,Q3,2010,10-Q,2542500000.0,,119900000.0,0.33,0.33,0.09,13983500000.0,3741700000.0,1651900000.0,2057200000.0,5316000000.0,1162800000.0,-156800000.0,-861300000.0
PCAR,2010-12-31,False,FY,2010,10-K,10292900000.0,,457600000.0,1.25,1.25,0.69,14234100000.0,3795500000.0,1700000000.0,2040800000.0,5357800000.0,1551400000.0,-467100000.0,-960400000.0
PCAR,2011-03-31,False,Q1,2011,10-Q,3283600000.0,,193300000.0,0.53,0.53,0.12,15133700000.0,4308000000.0,2067500000.0,1689700000.0,5648900000.0,459300000.0,-850700000.0,-10400000.0
PCAR,2011-06-30,False,Q2,2011,10-Q,3960700000.0,,239700000.0,0.66,0.65,0.12,16301000000.0,4834000000.0,2497600000.0,1872600000.0,5914000000.0,792000000.0,-1401900000.0,362700000.0
PCAR,2011-09-30,False,Q3,2011,10-Q,4257100000.0,,281600000.0,0.78,0.77,0.18,16354300000.0,4729300000.0,2536700000.0,1879600000.0,5593900000.0,1151300000.0,-1785300000.0,512300000.0
PCAR,2011-12-31,False,FY,2011,10-K,16355200000.0,,1042300000.0,2.87,2.86,1.3,17172700000.0,4838000000.0,2627700000.0,2106700000.0,5364400000.0,1592600000.0,-2419000000.0,946100000.0
PCAR,2012-03-31,False,Q1,2012,10-Q,4776100000.0,,327300000.0,0.92,0.91,0.18,18157800000.0,5144900000.0,2843500000.0,1923100000.0,5719100000.0,126300000.0,-365100000.0,22400000.0
PCAR,2012-06-30,False,Q2,2012,10-Q,4457200000.0,,297200000.0,0.83,0.83,0.2,18244800000.0,4951700000.0,2607400000.0,1719900000.0,5712100000.0,444000000.0,-1080400000.0,264200000.0
PCAR,2012-09-30,False,Q3,2012,10-Q,3820200000.0,,233600000.0,0.66,0.66,0.2,18692500000.0,4893300000.0,2550300000.0,1750500000.0,5862100000.0,916600000.0,-1662200000.0,380000000.0
PCAR,2012-12-31,False,FY,2012,10-K,17050500000.0,,1111600000.0,3.13,3.12,1.58,18627800000.0,4412100000.0,2168300000.0,1272400000.0,5846900000.0,1519000000.0,-2588000000.0,209500000.0
PCAR,2013-03-31,False,Q1,2013,10-Q,3924300000.0,,236100000.0,0.67,0.67,0.2,18834100000.0,4639600000.0,2454400000.0,1261400000.0,5947900000.0,384000000.0,-341500000.0,-37400000.0
PCAR,2013-06-30,False,Q2,2013,10-Q,4300500000.0,,291600000.0,0.82,0.82,0.2,19202000000.0,4719600000.0,2572700000.0,1441900000.0,6111600000.0,1152600000.0,-938000000.0,-2000000.0
PCAR,2013-09-30,False,Q3,2013,10-Q,4300100000.0,,309400000.0,0.87,0.87,0.2,20311600000.0,5188900000.0,2668700000.0,1710400000.0,6480900000.0,1700300000.0,-1464100000.0,219900000.0
PCAR,2013-12-31,False,FY,2013,10-K,17123800000.0,,1171300000.0,3.31,3.3,1.7,20725500000.0,5066500000.0,2623800000.0,1750100000.0,6634300000.0,2375700000.0,-2151000000.0,273800000.0
PCAR,2014-03-31,False,Q1,2014,10-Q,4379900000.0,,273900000.0,0.77,0.77,0.2,20597600000.0,4918900000.0,2411400000.0,1289900000.0,6863500000.0,285700000.0,-175600000.0,-568100000.0
PCAR,2014-06-30,False,Q2,2014,10-Q,4569600000.0,,319200000.0,0.9,0.9,0.22,20907400000.0,5142400000.0,2340500000.0,1380300000.0,7159300000.0,840800000.0,-653200000.0,-565700000.0
PCAR,2014-09-30,False,Q3,2014,10-Q,4928400000.0,,371400000.0,1.05,1.04,0.22,21026100000.0,5470400000.0,2598100000.0,1648400000.0,7162700000.0,1601600000.0,-1082300000.0,-575800000.0
PCAR,2014-12-31,False,FY,2014,10-K,16886700000.0,,1358800000.0,3.83,3.82,1.86,20618800000.0,5200400000.0,2651600000.0,1737600000.0,6753200000.0,2123600000.0,-1531900000.0,-520500000.0
PCAR,2015-03-31,False,Q1,2015,10-Q,4298400000.0,,378400000.0,1.07,1.06,0.22,20326800000.0,5225500000.0,2501000000.0,1564700000.0,6731600000.0,476200000.0,-332200000.0,-239900000.0
PCAR,2015-06-30,False,Q2,2015,10-Q,4503000000.0,,447200000.0,1.26,1.26,0.22,21415300000.0,5754700000.0,2647200000.0,1963100000.0,7218600000.0,1187100000.0,-914700000.0,5300000.0
PCAR,2015-09-30,False,Q3,2015,10-Q,9068900000.0,,431200000.0,1.21,1.21,0.24,21519800000.0,5817400000.0,2520500000.0,2126100000.0,7343800000.0,1851200000.0,-1401700000.0,24900000.0
PCAR,2015-12-31,False,FY,2015,10-K,35785400000.0,,1604000000.0,4.52,4.51,2.32,21109800000.0,5299200000.0,2564300000.0,2016400000.0,6940400000.0,2556000000.0,-1974900000.0,-196500000.0
PCAR,2016-03-31,False,Q1,2016,10-Q,8001100000.0,,-594600000.0,-1.69,-1.69,0.24,21356900000.0,5392600000.0,3333900000.0,1847300000.0,6343200000.0,795800000.0,-292200000.0,-722900000.0
PCAR,2016-06-30,False,Q2,2016,10-Q,8211700000.0,,481300000.0,1.37,1.37,0.24,21427200000.0,5538000000.0,3174200000.0,2064900000.0,6709700000.0,1649400000.0,-786100000.0,-841800000.0
PCAR,2016-09-30,False,Q3,2016,10-Q,7899800000.0,,346200000.0,0.99,0.98,0.24,20968900000.0,4869500000.0,2295900000.0,1787900000.0,6978200000.0,1490500000.0,-921400000.0,-832000000.0
PCAR,2016-12-31,False,FY,2016,10-K,31647500000.0,,521700000.0,1.49,1.48,1.56,20638900000.0,4738200000.0,2244500000.0,1915700000.0,6777600000.0,2300800000.0,-1564300000.0,-823500000.0
PCAR,2017-03-31,False,Q1,2017,10-Q,7848300000.0,,310300000.0,0.88,0.88,0.24,21039700000.0,5036400000.0,2388600000.0,1764400000.0,7079300000.0,610500000.0,-337000000.0,-445700000.0
PCAR,2017-06-30,False,Q2,2017,10-Q,8762500000.0,,373000000.0,1.06,1.06,0.25,22053300000.0,5440900000.0,2554900000.0,1879800000.0,7500500000.0,1185200000.0,-770300000.0,-507800000.0
PCAR,2017-09-30,False,Q3,2017,10-Q,9441900000.0,,402700000.0,1.14,1.14,0.25,23103900000.0,5980500000.0,2760100000.0,2313300000.0,7935600000.0,1822500000.0,-1139500000.0,-369300000.0
