symbol,end_date,amend,period_focus,fiscal_year,doc_type,revenues,op_income,net_income,eps_basic,eps_diluted,dividend,assets,cur_assets,cur_liab,cash,equity,cash_flow_op,cash_flow_inv,cash_flow_fin
PDCO,2010-07-31,False,Q1,2011,10-Q,849787000.0,89024000.0,53925000.0,0.45,0.45,0.1,2447952000.0,1134450000.0,329310000.0,298427000.0,1485881000.0,22758000.0,-55812000.0,-3928000.0
PDCO,2010-10-30,False,Q2,2011,10-Q,857414000.0,90152000.0,53357000.0,0.45,0.45,0.1,2550047000.0,1235898000.0,420426000.0,328744000.0,1501402000.0,-14443000.0,-66728000.0,71679000.0
PDCO,2011-01-29,False,Q3,2011,10-Q,824650000.0,92707000.0,55396000.0,0.47,0.47,0.1,2503585000.0,1175952000.0,326710000.0,388039000.0,1551556000.0,191455000.0,-81542000.0,-60916000.0
PDCO,2011-04-30,False,FY,2011,10-K,3415670000.0,376008000.0,225385000.0,1.91,1.89,0.0,2564968000.0,1230709000.0,367431000.0,388665000.0,1560540000.0,262612000.0,-89009000.0,-133222000.0
PDCO,2011-07-30,False,Q1,2012,10-Q,847422000.0,81993000.0,48610000.0,0.42,0.42,0.12,2517513000.0,1178732000.0,349710000.0,373776000.0,1534151000.0,66716000.0,-10247000.0,-69515000.0
PDCO,2011-10-29,False,Q2,2012,10-Q,856875000.0,83259000.0,48954000.0,0.43,0.43,0.12,2397763000.0,1059082000.0,363228000.0,250068000.0,1404145000.0,119084000.0,-31105000.0,-219731000.0
PDCO,2012-01-28,False,Q3,2012,10-Q,895030000.0,89906000.0,53108000.0,0.5,0.5,0.12,2665825000.0,1340502000.0,360945000.0,538092000.0,1351087000.0,228662000.0,-39244000.0,-30384000.0
PDCO,2012-04-28,False,FY,2012,10-K,3535661000.0,358009000.0,212815000.0,1.93,1.92,0.5,2739368000.0,1403513000.0,529648000.0,573781000.0,1375202000.0,321158000.0,-52270000.0,-78059000.0
PDCO,2012-07-28,False,Q1,2013,10-Q,889225000.0,82592000.0,47538000.0,0.45,0.45,0.14,2700472000.0,1361610000.0,501354000.0,580753000.0,1365742000.0,59758000.0,-3206000.0,-45173000.0
PDCO,2012-10-27,False,Q2,2013,10-Q,867193000.0,77869000.0,45542000.0,0.44,0.44,0.14,2620240000.0,1277023000.0,432714000.0,500374000.0,1356746000.0,133200000.0,-19356000.0,-184253000.0
PDCO,2013-01-26,False,Q3,2013,10-Q,915861000.0,89538000.0,53630000.0,0.53,0.52,0.14,2637490000.0,1288128000.0,457027000.0,472449000.0,1350733000.0,179336000.0,-28909000.0,-250003000.0
PDCO,2013-04-27,False,FY,2013,10-K,3637212000.0,354455000.0,210272000.0,2.04,2.03,0.58,2681778000.0,1361336000.0,448519000.0,505228000.0,1394455000.0,299195000.0,-30038000.0,-331098000.0
PDCO,2013-07-27,False,Q1,2014,10-Q,880125000.0,81281000.0,45892000.0,0.45,0.45,0.16,2761647000.0,1447037000.0,527512000.0,603369000.0,1395914000.0,21125000.0,-5564000.0,84760000.0
PDCO,2013-10-26,False,Q2,2014,10-Q,998834000.0,75223000.0,42028000.0,0.42,0.41,0.16,2949299000.0,1566927000.0,666633000.0,516058000.0,1441614000.0,93154000.0,-156297000.0,72927000.0
PDCO,2014-01-25,False,Q3,2014,10-Q,1082679000.0,96651000.0,57021000.0,0.56,0.56,0.16,2976148000.0,1537133000.0,678182000.0,423975000.0,1456350000.0,149750000.0,-268159000.0,40689000.0
PDCO,2014-04-26,False,FY,2014,10-K,4063715000.0,345756000.0,200612000.0,1.99,1.97,0.68,2864677000.0,1415717000.0,543463000.0,264908000.0,1471664000.0,195836000.0,-283764000.0,-160201000.0
PDCO,2014-07-26,False,Q1,2015,10-Q,1059529000.0,84754000.0,50289000.0,0.51,0.5,0.2,2899172000.0,1445186000.0,582966000.0,260740000.0,1468101000.0,68770000.0,-11446000.0,-63750000.0
PDCO,2014-10-25,False,Q2,2015,10-Q,1103325000.0,91221000.0,53778000.0,0.54,0.54,0.2,2857449000.0,1489726000.0,547086000.0,284872000.0,1463701000.0,98395000.0,15640000.0,-86869000.0
PDCO,2015-01-24,False,Q3,2015,10-Q,1063312000.0,90756000.0,54676000.0,0.55,0.55,0.2,2871532000.0,1501266000.0,569062000.0,289722000.0,1454688000.0,158085000.0,-7424000.0,-101395000.0
PDCO,2015-04-25,False,FY,2015,10-K,4375020000.0,373427000.0,223261000.0,2.26,2.24,0.82,2947706000.0,1573225000.0,577685000.0,347260000.0,1514123000.0,262691000.0,-9599000.0,-150935000.0
PDCO,2015-08-01,False,Q1,2016,10-Q,1142870000.0,62177000.0,29703000.0,0.3,0.3,0.22,4239654000.0,1801802000.0,694135000.0,186440000.0,1514053000.0,5424000.0,-1121848000.0,964527000.0
PDCO,2015-10-31,False,Q2,2016,10-Q,1389210000.0,83463000.0,35421000.0,0.36,0.36,0.22,3451838000.0,1665930000.0,798356000.0,95451000.0,1363257000.0,-52952000.0,-382033000.0,191234000.0
PDCO,2016-01-30,False,Q3,2016,10-Q,1400853000.0,95729000.0,56440000.0,0.59,0.59,0.22,3555670000.0,1710856000.0,915598000.0,97701000.0,1362547000.0,-86532000.0,-399439000.0,246663000.0
PDCO,2016-04-30,False,FY,2016,10-K,5386703000.0,347713000.0,187184000.0,1.93,1.91,0.9,3520804000.0,1747541000.0,829335000.0,137453000.0,1441746000.0,156329000.0,-400634000.0,42869000.0
PDCO,2016-07-30,False,Q1,2017,10-Q,1332436000.0,65416000.0,38906000.0,0.41,0.4,0.24,3499267000.0,1691068000.0,837004000.0,89978000.0,1418037000.0,-72779000.0,-5705000.0,34172000.0
PDCO,2016-10-29,False,Q2,2017,10-Q,1418241000.0,79803000.0,45756000.0,0.48,0.48,0.24,3590368000.0,1832832000.0,946669000.0,110387000.0,1406052000.0,-55306000.0,-6262000.0,38069000.0
PDCO,2017-01-28,False,Q3,2017,10-Q,1397418000.0,46554000.0,24540000.0,0.26,0.26,0.24,3594062000.0,1871216000.0,988453000.0,121739000.0,1386075000.0,-12640000.0,-1588000.0,4081000.0
PDCO,2017-04-29,False,FY,2017,10-K,5593127000.0,287928000.0,170893000.0,1.8,1.79,0.98,3507913000.0,1803593000.0,903931000.0,94959000.0,1394433000.0,162719000.0,1193000.0,-202163000.0
PDCO,2017-07-29,False,Q1,2018,10-Q,1304115000.0,56833000.0,30847000.0,0.33,0.33,0.26,3495242000.0,1816093000.0,902064000.0,99779000.0,1384502000.0,-46028000.0,5517000.0,43206000.0
PDCO,2017-10-28,False,Q2,2018,10-Q,1385737000.0,71759000.0,40244000.0,0.43,0.43,0.26,3528479000.0,1843608000.0,950631000.0,101456000.0,1366940000.0,77108000.0,19776000.0,-92039000.0
