symbol,end_date,amend,period_focus,fiscal_year,doc_type,revenues,op_income,net_income,eps_basic,eps_diluted,dividend,assets,cur_assets,cur_liab,cash,equity,cash_flow_op,cash_flow_inv,cash_flow_fin
PEP,2009-09-05,False,Q3,2009,10-Q,11080000000.0,2232000000.0,1717000000.0,1.1,1.09,0.45,38620000000.0,12416000000.0,9295000000.0,3254000000.0,15831000000.0,4403000000.0,-1245000000.0,-1987000000.0
PEP,2009-12-26,False,FY,2009,10-K,43232000000.0,8044000000.0,5946000000.0,3.81,3.77,0.0,39848000000.0,12571000000.0,8756000000.0,3943000000.0,17442000000.0,6796000000.0,-2401000000.0,-2497000000.0
PEP,2010-03-20,False,Q1,2010,10-Q,9368000000.0,840000000.0,1430000000.0,0.9,0.89,0.45,64144000000.0,15265000000.0,11654000000.0,3949000000.0,21856000000.0,241000000.0,-4011000000.0,3921000000.0
PEP,2010-06-12,False,Q2,2010,10-Q,14801000000.0,2461000000.0,1603000000.0,1.0,0.98,0.48,65074000000.0,16743000000.0,14572000000.0,4529000000.0,19914000000.0,2442000000.0,-4745000000.0,3116000000.0
PEP,2010-09-04,False,Q3,2010,10-Q,15514000000.0,2800000000.0,1922000000.0,1.21,1.19,0.48,66702000000.0,17901000000.0,17117000000.0,5577000000.0,20236000000.0,5788000000.0,-5444000000.0,1490000000.0
PEP,2010-12-25,False,FY,2010,10-K,57838000000.0,8332000000.0,6314000000.0,3.97,3.91,1.89,68153000000.0,17569000000.0,15892000000.0,5943000000.0,21476000000.0,8448000000.0,-7668000000.0,1386000000.0
PEP,2011-03-19,False,Q1,2011,10-Q,11937000000.0,1726000000.0,1141000000.0,0.72,0.71,0.48,73085000000.0,16512000000.0,16840000000.0,3662000000.0,23674000000.0,380000000.0,-2979000000.0,226000000.0
PEP,2011-06-11,False,Q2,2011,10-Q,16827000000.0,2754000000.0,1883000000.0,1.19,1.17,0.515,75680000000.0,17917000000.0,18057000000.0,2913000000.0,24370000000.0,2353000000.0,-3852000000.0,-1699000000.0
PEP,2011-09-03,False,Q3,2011,10-Q,17582000000.0,2906000000.0,1999000000.0,1.27,1.25,0.515,75378000000.0,17834000000.0,17565000000.0,3083000000.0,24003000000.0,5834000000.0,-4695000000.0,-4143000000.0
PEP,2011-12-31,False,FY,2011,10-K,66504000000.0,9633000000.0,6436000000.0,4.08,4.03,2.025,72882000000.0,17441000000.0,18154000000.0,4067000000.0,20899000000.0,8944000000.0,-5618000000.0,-5135000000.0
PEP,2012-03-24,False,Q1,2012,10-Q,12428000000.0,1722000000.0,1126000000.0,0.72,0.71,0.515,74391000000.0,17578000000.0,16985000000.0,3485000000.0,22954000000.0,-690000000.0,-257000000.0,283000000.0
PEP,2012-06-16,False,Q2,2012,10-Q,16458000000.0,2377000000.0,1485000000.0,0.95,0.94,0.5375,72390000000.0,18033000000.0,18269000000.0,3863000000.0,20595000000.0,1247000000.0,-1138000000.0,-292000000.0
PEP,2012-09-08,False,Q3,2012,10-Q,16652000000.0,2800000000.0,1901000000.0,1.22,1.21,0.5375,74017000000.0,19270000000.0,16220000000.0,5309000000.0,21584000000.0,5118000000.0,-1728000000.0,-2164000000.0
PEP,2012-12-29,False,FY,2012,10-K,65492000000.0,9112000000.0,6171000000.0,3.96,3.92,2.1275,74638000000.0,18720000000.0,17089000000.0,6297000000.0,22399000000.0,8479000000.0,-3005000000.0,-3306000000.0
PEP,2013-03-23,False,Q1,2013,10-Q,12581000000.0,1658000000.0,1073000000.0,0.69,0.69,0.5375,75355000000.0,19910000000.0,17994000000.0,6715000000.0,22464000000.0,702000000.0,-285000000.0,173000000.0
PEP,2013-06-15,False,Q2,2013,10-Q,16807000000.0,2869000000.0,2007000000.0,1.3,1.28,0.5675,76653000000.0,21963000000.0,19162000000.0,7793000000.0,22765000000.0,3015000000.0,-786000000.0,-527000000.0
PEP,2013-09-07,False,Q3,2013,10-Q,16909000000.0,2780000000.0,1913000000.0,1.24,1.23,0.5675,76814000000.0,22931000000.0,18468000000.0,9204000000.0,22402000000.0,6662000000.0,-1378000000.0,-2135000000.0
PEP,2013-12-28,False,FY,2013,10-K,66415000000.0,9705000000.0,6732000000.0,4.37,4.32,2.24,77478000000.0,22203000000.0,17839000000.0,9375000000.0,24389000000.0,9688000000.0,-2625000000.0,-3789000000.0
PEP,2014-03-22,False,Q1,2014,10-Q,12623000000.0,1807000000.0,1215000000.0,0.8,0.79,0.5675,77493000000.0,23285000000.0,19457000000.0,9839000000.0,22893000000.0,181000000.0,-223000000.0,542000000.0
PEP,2014-06-14,False,Q2,2014,10-Q,16894000000.0,2896000000.0,1976000000.0,1.3,1.29,0.655,80433000000.0,25795000000.0,20228000000.0,7607000000.0,23600000000.0,2672000000.0,-4162000000.0,-255000000.0
PEP,2014-09-06,False,Q3,2014,10-Q,17218000000.0,2847000000.0,2005000000.0,1.33,1.32,0.655,80466000000.0,26590000000.0,22844000000.0,7282000000.0,23187000000.0,6693000000.0,-6678000000.0,-2027000000.0
PEP,2014-12-27,False,FY,2014,10-K,66683000000.0,-141000000000.0,6503000000.0,4.31,4.27,2.5325,70509000000.0,20663000000.0,18092000000.0,6134000000.0,17548000000.0,10506000000.0,-4937000000.0,-8264000000.0
PEP,2015-03-21,False,Q1,2015,10-Q,12217000000.0,1797000000.0,1220000000.0,0.82,0.81,0.655,69625000000.0,20922000000.0,20127000000.0,6410000000.0,15989000000.0,270000000.0,320000000.0,-210000000.0
PEP,2015-06-13,False,Q2,2015,10-Q,15923000000.0,2900000000.0,1979000000.0,1.34,1.33,0.7025,72262000000.0,23069000000.0,21546000000.0,7562000000.0,16464000000.0,2761000000.0,-158000000.0,-1099000000.0
PEP,2015-09-05,False,Q3,2015,10-Q,16331000000.0,1416000000.0,531000000.0,0.36,0.36,0.7025,69902000000.0,22814000000.0,19071000000.0,8698000000.0,13579000000.0,6775000000.0,-1306000000.0,-2758000000.0
PEP,2015-12-26,False,FY,2015,10-K,63056000000.0,0.0,5446000000.0,3.71,3.67,2.7625,69667000000.0,23031000000.0,17578000000.0,9096000000.0,12030000000.0,10580000000.0,-3569000000.0,-3828000000.0
PEP,2016-03-19,False,Q1,2016,10-Q,11862000000.0,1619000000.0,930000000.0,0.64,0.64,0.7025,70019000000.0,23966000000.0,16842000000.0,8124000000.0,11231000000.0,131000000.0,-1412000000.0,331000000.0
PEP,2016-06-11,False,Q2,2016,10-Q,15395000000.0,2964000000.0,2004000000.0,1.39,1.38,0.7525,72711000000.0,25878000000.0,18459000000.0,9646000000.0,12376000000.0,2921000000.0,-1608000000.0,-750000000.0
PEP,2016-09-03,False,Q3,2016,10-Q,16027000000.0,2821000000.0,1991000000.0,1.38,1.37,0.7525,73897000000.0,27099000000.0,20589000000.0,10256000000.0,12718000000.0,6595000000.0,-3031000000.0,-2386000000.0
PEP,2016-12-31,False,FY,2016,10-K,62799000000.0,9785000000.0,6323000000.0,4.39,4.36,2.96,74129000000.0,27089000000.0,21135000000.0,9158000000.0,11199000000.0,10404000000.0,-7148000000.0,-2942000000.0
PEP,2017-03-25,False,Q1,2017,10-Q,12049000000.0,1933000000.0,1316000000.0,0.92,0.91,0.7525,74622000000.0,27150000000.0,21644000000.0,9528000000.0,11683000000.0,-199000000.0,269000000.0,257000000.0
PEP,2017-06-17,False,Q2,2017,10-Q,15710000000.0,2990000000.0,2105000000.0,1.47,1.46,0.805,76943000000.0,29248000000.0,22113000000.0,10282000000.0,12530000000.0,2241000000.0,-571000000.0,-582000000.0
PEP,2017-09-09,False,Q3,2017,10-Q,16240000000.0,2993000000.0,2143000000.0,1.5,1.49,0.805,78463000000.0,30197000000.0,22358000000.0,10243000000.0,13411000000.0,6062000000.0,-2278000000.0,-2775000000.0
