symbol,end_date,amend,period_focus,fiscal_year,doc_type,revenues,op_income,net_income,eps_basic,eps_diluted,dividend,assets,cur_assets,cur_liab,cash,equity,cash_flow_op,cash_flow_inv,cash_flow_fin
PX,2009-03-31,False,Q1,2009,10-Q,2123000000.0,442000000.0,290000000.0,0.94,0.93,0.4,12857000000.0,2184000000.0,2665000000.0,54000000.0,4375000000.0,349000000.0,-290000000.0,-36000000.0
PX,2009-06-30,False,Q2,2009,10-Q,2138000000.0,447000000.0,299000000.0,0.97,0.96,0.4,13586000000.0,2192000000.0,2476000000.0,33000000.0,4946000000.0,912000000.0,-661000000.0,-253000000.0
PX,2009-09-30,False,Q3,2009,10-Q,2288000000.0,174000000.0,325000000.0,1.06,1.04,0.4,14171000000.0,2299000000.0,2035000000.0,65000000.0,5407000000.0,1459000000.0,-1105000000.0,-328000000.0
PX,2009-12-31,False,FY,2009,10-K,8956000000.0,1575000000.0,1254000000.0,4.08,4.01,1.6,14317000000.0,2223000000.0,1813000000.0,45000000.0,5648000000.0,2168000000.0,-1452000000.0,-711000000.0
PX,2010-03-31,False,Q1,2010,10-Q,2428000000.0,479000000.0,314000000.0,1.02,1.01,0.45,14727000000.0,2622000000.0,2189000000.0,376000000.0,5730000000.0,483000000.0,-284000000.0,150000000.0
PX,2010-06-30,False,Q2,2010,10-Q,2527000000.0,547000000.0,371000000.0,1.21,1.19,0.45,14292000000.0,2275000000.0,1759000000.0,48000000.0,5767000000.0,1019000000.0,-612000000.0,-385000000.0
PX,2010-09-30,False,Q3,2010,10-Q,2538000000.0,551000000.0,377000000.0,1.22,1.21,0.45,15057000000.0,2453000000.0,1864000000.0,71000000.0,6330000000.0,1615000000.0,-1027000000.0,-551000000.0
PX,2010-12-31,False,FY,2010,10-K,10116000000.0,2082000000.0,1195000000.0,3.9,3.84,1.8,15274000000.0,2378000000.0,2110000000.0,39000000.0,6145000000.0,1905000000.0,-1484000000.0,-419000000.0
PX,2011-03-31,False,Q1,2011,10-Q,2702000000.0,591000000.0,398000000.0,1.31,1.29,0.5,15834000000.0,2598000000.0,1921000000.0,86000000.0,6537000000.0,359000000.0,-304000000.0,-10000000.0
PX,2011-06-30,False,Q2,2011,10-Q,2858000000.0,627000000.0,425000000.0,1.4,1.38,0.5,16410000000.0,2758000000.0,1996000000.0,80000000.0,6770000000.0,932000000.0,-810000000.0,-85000000.0
PX,2011-09-30,False,Q3,2011,10-Q,2896000000.0,632000000.0,429000000.0,1.42,1.4,0.5,15902000000.0,2704000000.0,2169000000.0,125000000.0,6121000000.0,1664000000.0,-1284000000.0,-279000000.0
PX,2011-12-31,False,FY,2011,10-K,11252000000.0,2468000000.0,1672000000.0,5.53,5.45,2.0,16356000000.0,2607000000.0,2535000000.0,90000000.0,5797000000.0,2455000000.0,-2005000000.0,-380000000.0
PX,2012-03-31,False,Q1,2012,10-Q,2840000000.0,627000000.0,419000000.0,1.4,1.38,0.55,16987000000.0,2762000000.0,2154000000.0,107000000.0,6267000000.0,402000000.0,-431000000.0,44000000.0
PX,2012-06-30,False,Q2,2012,10-Q,2811000000.0,636000000.0,429000000.0,1.43,1.42,0.55,16688000000.0,2652000000.0,2728000000.0,104000000.0,5894000000.0,1127000000.0,-1027000000.0,-79000000.0
PX,2012-09-30,False,Q3,2012,10-Q,2774000000.0,558000000.0,430000000.0,1.44,1.43,0.55,17639000000.0,2853000000.0,2548000000.0,108000000.0,6346000000.0,1873000000.0,-1626000000.0,-226000000.0
PX,2012-12-31,False,FY,2012,10-K,11224000000.0,2437000000.0,1692000000.0,5.67,5.61,2.2,18090000000.0,2792000000.0,2479000000.0,157000000.0,6421000000.0,2752000000.0,-2378000000.0,-303000000.0
PX,2013-03-31,False,Q1,2013,10-Q,2888000000.0,600000000.0,391000000.0,1.32,1.3,0.6,19586000000.0,2929000000.0,2686000000.0,113000000.0,6526000000.0,472000000.0,-1533000000.0,1030000000.0
PX,2013-06-30,False,Q2,2013,10-Q,3014000000.0,665000000.0,445000000.0,1.5,1.49,0.6,19771000000.0,3013000000.0,2990000000.0,102000000.0,6285000000.0,1049000000.0,-2219000000.0,1138000000.0
PX,2013-09-30,False,Q3,2013,10-Q,3013000000.0,670000000.0,445000000.0,1.51,1.49,0.6,20062000000.0,2977000000.0,2929000000.0,134000000.0,6575000000.0,1953000000.0,-2750000000.0,796000000.0
PX,2013-12-31,False,FY,2013,10-K,11925000000.0,2625000000.0,1755000000.0,5.94,5.87,2.4,20255000000.0,2916000000.0,2664000000.0,138000000.0,7003000000.0,2917000000.0,-3237000000.0,328000000.0
PX,2014-03-31,False,Q1,2014,10-Q,3026000000.0,675000000.0,448000000.0,1.52,1.51,0.65,20538000000.0,3049000000.0,2434000000.0,144000000.0,6998000000.0,536000000.0,-451000000.0,-84000000.0
PX,2014-06-30,False,Q2,2014,10-Q,3113000000.0,697000000.0,467000000.0,1.59,1.58,0.65,20925000000.0,3159000000.0,2546000000.0,173000000.0,7306000000.0,1383000000.0,-876000000.0,-481000000.0
PX,2014-09-30,False,Q3,2014,10-Q,3144000000.0,711000000.0,477000000.0,1.63,1.62,0.65,20384000000.0,3058000000.0,2960000000.0,168000000.0,6940000000.0,2096000000.0,-1312000000.0,-748000000.0
PX,2014-12-31,False,FY,2014,10-K,12273000000.0,2608000000.0,1694000000.0,5.79,5.73,2.6,19802000000.0,2839000000.0,2490000000.0,126000000.0,6010000000.0,2868000000.0,-1803000000.0,-1008000000.0
PX,2014-12-31,True,FY,2014,10-K,12273000000.0,2608000000.0,1694000000.0,5.79,5.73,2.6,19802000000.0,2839000000.0,2490000000.0,126000000.0,6010000000.0,2868000000.0,-1803000000.0,-1008000000.0
PX,2015-03-31,False,Q1,2015,10-Q,2757000000.0,623000000.0,416000000.0,1.44,1.43,0.715,19123000000.0,2726000000.0,2335000000.0,117000000.0,5393000000.0,508000000.0,-400000000.0,-100000000.0
PX,2015-06-30,False,Q2,2015,10-Q,2738000000.0,480000000.0,308000000.0,1.07,1.06,0.715,19067000000.0,2820000000.0,2246000000.0,136000000.0,5344000000.0,1215000000.0,-552000000.0,-627000000.0
PX,2015-09-30,False,Q3,2015,10-Q,2686000000.0,594000000.0,401000000.0,1.4,1.4,0.715,18456000000.0,2726000000.0,2122000000.0,136000000.0,4644000000.0,1891000000.0,-952000000.0,-887000000.0
PX,2015-12-31,False,FY,2015,10-K,10776000000.0,2321000000.0,1547000000.0,5.39,5.35,2.86,18319000000.0,2626000000.0,1893000000.0,147000000.0,4793000000.0,2682000000.0,-1303000000.0,-1297000000.0
PX,2016-03-31,False,Q1,2016,10-Q,2509000000.0,554000000.0,356000000.0,1.25,1.24,0.75,19025000000.0,2870000000.0,1799000000.0,221000000.0,5305000000.0,547000000.0,-384000000.0,-113000000.0
PX,2016-06-30,False,Q2,2016,10-Q,2665000000.0,588000000.0,399000000.0,1.4,1.39,0.75,19811000000.0,3263000000.0,2458000000.0,567000000.0,5547000000.0,1259000000.0,-997000000.0,130000000.0
PX,2016-09-30,False,Q3,2016,10-Q,2716000000.0,497000000.0,339000000.0,1.19,1.18,0.75,19886000000.0,3262000000.0,2434000000.0,627000000.0,5638000000.0,2047000000.0,-1360000000.0,-232000000.0
PX,2016-12-31,False,FY,2016,10-K,10534000000.0,2238000000.0,1500000000.0,5.25,5.21,3.0,19332000000.0,2880000000.0,2478000000.0,524000000.0,5441000000.0,2773000000.0,-1770000000.0,-643000000.0
PX,2017-03-31,False,Q1,2017,10-Q,2728000000.0,582000000.0,389000000.0,1.36,1.35,0.7875,19665000000.0,3014000000.0,2249000000.0,519000000.0,5965000000.0,710000000.0,-324000000.0,-396000000.0
PX,2017-06-30,False,Q2,2017,10-Q,2834000000.0,604000000.0,406000000.0,1.42,1.41,0.7875,19965000000.0,3119000000.0,3043000000.0,535000000.0,6260000000.0,1411000000.0,-637000000.0,-780000000.0
PX,2017-09-30,False,Q3,2017,10-Q,2922000000.0,626000000.0,419000000.0,1.46,1.45,0.7875,20375000000.0,3243000000.0,2922000000.0,607000000.0,6731000000.0,2205000000.0,-968000000.0,-1183000000.0
