symbol,end_date,amend,period_focus,fiscal_year,doc_type,revenues,op_income,net_income,eps_basic,eps_diluted,dividend,assets,cur_assets,cur_liab,cash,equity,cash_flow_op,cash_flow_inv,cash_flow_fin
QCOM,2017-09-24,False,FY,2017,10-K,22291000000.0,2614000000.0,2466000000.0,1.67,1.65,2.2,65486000000.0,43593000000.0,10907000000.0,35029000000.0,30746000000.0,4693000000.0,18463000000.0,5879000000.0
QCOM,2009-06-28,False,Q3,2009,10-Q,2753000000.0,894000000.0,737000000.0,0.45,0.44,0.17,25713000000.0,11731000000.0,2372000000.0,3721000000.0,18711000000.0,5851000000.0,-3027000000.0,-938000000.0
QCOM,2009-12-27,False,Q1,2010,10-Q,2670000000.0,879000000.0,841000000.0,0.5,0.5,0.17,28903000000.0,13574000000.0,2948000000.0,3660000000.0,21353000000.0,1239000000.0,-172000000.0,-120000000.0
QCOM,2009-09-27,False,FY,2009,10-K,10416000000.0,2226000000.0,1592000000.0,0.96,0.95,0.66,27445000000.0,12570000000.0,2813000000.0,2717000000.0,20316000000.0,7172000000.0,-5457000000.0,-833000000.0
QCOM,2009-09-27,False,FY,2009,10-K,10416000000.0,2226000000.0,1592000000.0,0.96,0.95,0.66,27445000000.0,12570000000.0,2813000000.0,2717000000.0,20316000000.0,7172000000.0,-5457000000.0,-833000000.0
QCOM,2010-06-27,False,Q3,2010,10-Q,2706000000.0,792000000.0,767000000.0,0.47,0.47,0.19,29401000000.0,11614000000.0,5190000000.0,2541000000.0,19886000000.0,2983000000.0,-996000000.0,-2150000000.0
QCOM,2010-03-28,False,Q2,2010,10-Q,2663000000.0,776000000.0,774000000.0,0.47,0.46,0.17,28497000000.0,12652000000.0,3330000000.0,2553000000.0,20720000000.0,2032000000.0,-427000000.0,-1764000000.0
QCOM,2011-12-25,False,Q1,2012,10-Q,4681000000.0,1551000000.0,1401000000.0,0.83,0.81,0.215,37606000000.0,14034000000.0,4994000000.0,4964000000.0,28497000000.0,1779000000.0,-2068000000.0,-191000000.0
QCOM,2012-06-24,False,Q3,2012,10-Q,4626000000.0,1382000000.0,1207000000.0,0.7,0.69,0.25,42445000000.0,16377000000.0,5516000000.0,3412000000.0,32605000000.0,4589000000.0,-6875000000.0,260000000.0
QCOM,2011-09-25,False,FY,2011,10-K,14957000000.0,5026000000.0,4260000000.0,2.57,2.52,0.81,36422000000.0,14293000000.0,5289000000.0,5462000000.0,26972000000.0,4900000000.0,-4489000000.0,1518000000.0
QCOM,2012-03-25,False,Q2,2012,10-Q,4943000000.0,1514000000.0,2230000000.0,1.31,1.28,0.215,41531000000.0,17861000000.0,5178000000.0,5998000000.0,31870000000.0,3667000000.0,-3573000000.0,447000000.0
QCOM,2011-06-26,False,Q3,2011,10-Q,3623000000.0,1113000000.0,1035000000.0,0.62,0.61,0.215,35100000000.0,12833000000.0,4464000000.0,5746000000.0,26301000000.0,3080000000.0,-2563000000.0,1672000000.0
QCOM,2011-03-27,False,Q2,2011,10-Q,3875000000.0,1073000000.0,999000000.0,0.6,0.59,0.19,33824000000.0,14850000000.0,4385000000.0,6367000000.0,25001000000.0,1816000000.0,-625000000.0,1619000000.0
QCOM,2010-12-26,False,Q1,2011,10-Q,3348000000.0,1110000000.0,1170000000.0,0.72,0.71,0.19,31291000000.0,12331000000.0,3943000000.0,4711000000.0,22736000000.0,48000000.0,554000000.0,561000000.0
QCOM,2010-09-26,False,FY,2010,10-K,10991000000.0,3283000000.0,3247000000.0,1.98,1.96,0.72,30572000000.0,12133000000.0,5468000000.0,3547000000.0,20858000000.0,4076000000.0,-839000000.0,-2405000000.0
QCOM,2016-06-26,False,Q3,2016,10-Q,6044000000.0,1592000000.0,1444000000.0,0.98,0.97,0.53,50786000000.0,20979000000.0,6843000000.0,5885000000.0,30638000000.0,5316000000.0,-2229000000.0,-4765000000.0
QCOM,2016-03-27,False,Q2,2016,10-Q,5551000000.0,1415000000.0,1164000000.0,0.78,0.78,0.48,50060000000.0,20157000000.0,7026000000.0,5775000000.0,29637000000.0,3476000000.0,-1435000000.0,-3822000000.0
QCOM,2015-12-27,False,Q1,2016,10-Q,5775000000.0,1685000000.0,1498000000.0,1.0,0.99,0.48,50229000000.0,20338000000.0,6503000000.0,6913000000.0,30233000000.0,2739000000.0,-716000000.0,-2665000000.0
QCOM,2015-09-27,False,FY,2015,10-K,25281000000.0,5776000000.0,5271000000.0,3.26,3.22,1.8,50796000000.0,22099000000.0,6100000000.0,7560000000.0,31414000000.0,5506000000.0,-3572000000.0,-2261000000.0
QCOM,2015-06-28,False,Q3,2015,10-Q,5832000000.0,1235000000.0,1184000000.0,0.74,0.73,0.48,52295000000.0,25928000000.0,6083000000.0,9987000000.0,33196000000.0,3822000000.0,-2220000000.0,488000000.0
QCOM,2015-03-29,False,Q2,2015,10-Q,6894000000.0,1336000000.0,1053000000.0,0.64,0.63,0.42,47173000000.0,20740000000.0,6169000000.0,5492000000.0,37834000000.0,1706000000.0,-690000000.0,-3416000000.0
QCOM,2014-12-28,False,Q1,2015,10-Q,7099000000.0,2064000000.0,1972000000.0,1.19,1.17,0.42,48447000000.0,22761000000.0,6405000000.0,6325000000.0,38819000000.0,2364000000.0,-1736000000.0,-2203000000.0
QCOM,2014-09-28,False,FY,2014,10-K,26487000000.0,7550000000.0,7967000000.0,4.73,4.65,1.54,48574000000.0,22413000000.0,6013000000.0,7907000000.0,39166000000.0,8887000000.0,-1639000000.0,-5480000000.0
QCOM,2014-06-29,False,Q3,2014,10-Q,6806000000.0,2075000000.0,2238000000.0,1.33,1.31,0.42,48355000000.0,22408000000.0,6021000000.0,7944000000.0,38787000000.0,7268000000.0,-1552000000.0,-3917000000.0
QCOM,2014-03-30,False,Q2,2014,10-Q,6367000000.0,1990000000.0,1959000000.0,1.16,1.14,0.35,47875000000.0,21008000000.0,5901000000.0,6337000000.0,38253000000.0,4595000000.0,-2458000000.0,-1941000000.0
QCOM,2013-03-31,False,Q2,2013,10-Q,6124000000.0,1877000000.0,1866000000.0,1.08,1.06,0.25,47599000000.0,17766000000.0,5263000000.0,4093000000.0,37628000000.0,4191000000.0,-3671000000.0,-261000000.0
QCOM,2013-12-29,False,Q1,2014,10-Q,6622000000.0,1493000000.0,1875000000.0,1.11,1.09,0.35,46282000000.0,20585000000.0,5313000000.0,8292000000.0,37027000000.0,2781000000.0,445000000.0,-1073000000.0
QCOM,2012-12-30,False,Q1,2013,10-Q,6018000000.0,2088000000.0,1906000000.0,1.12,1.09,0.25,44841000000.0,17103000000.0,5005000000.0,4293000000.0,35354000000.0,1975000000.0,-1227000000.0,-275000000.0
QCOM,2013-09-29,False,FY,2013,10-K,24866000000.0,7230000000.0,6853000000.0,3.99,3.91,1.2,45516000000.0,19555000000.0,5213000000.0,6142000000.0,36087000000.0,8778000000.0,-1578000000.0,-4845000000.0
QCOM,2012-09-30,False,FY,2012,10-K,19121000000.0,5682000000.0,6109000000.0,3.59,3.51,0.93,43012000000.0,15645000000.0,5302000000.0,3807000000.0,33545000000.0,5998000000.0,-6877000000.0,-757000000.0
QCOM,2013-06-30,False,Q3,2013,10-Q,6243000000.0,1677000000.0,1580000000.0,0.91,0.9,0.35,46809000000.0,15972000000.0,5028000000.0,2533000000.0,37583000000.0,6268000000.0,-5987000000.0,-1533000000.0
QCOM,2016-09-25,False,FY,2016,10-K,23554000000.0,6495000000.0,5705000000.0,3.84,3.81,2.02,52359000000.0,22981000000.0,7311000000.0,5946000000.0,31768000000.0,7400000000.0,-3488000000.0,-5522000000.0
QCOM,2017-03-26,False,Q2,2017,10-Q,5016000000.0,729000000.0,749000000.0,0.51,0.5,0.53,56079000000.0,16908000000.0,10145000000.0,7124000000.0,31334000000.0,2194000000.0,760000000.0,-1770000000.0
QCOM,2017-06-25,False,Q3,2017,10-Q,5371000000.0,773000000.0,866000000.0,0.59,0.58,0.57,64379000000.0,27021000000.0,9163000000.0,14909000000.0,31283000000.0,2276000000.0,-342000000.0,7001000000.0
QCOM,2016-12-25,False,Q1,2017,10-Q,5999000000.0,778000000.0,682000000.0,0.46,0.46,0.53,52366000000.0,15779000000.0,7994000000.0,6885000000.0,31206000000.0,1379000000.0,681000000.0,-1104000000.0
