symbol,end_date,amend,period_focus,fiscal_year,doc_type,revenues,op_income,net_income,eps_basic,eps_diluted,dividend,assets,cur_assets,cur_liab,cash,equity,cash_flow_op,cash_flow_inv,cash_flow_fin
REGN,2010-06-30,False,Q2,2010,10-Q,115886000.0,-23724000.0,-25474000.0,-0.31,-0.31,0.0,790641000.0,417750000.0,119571000.0,112000000.0,371216000.0,-22626000.0,-131383000.0,58934000.0
REGN,2010-09-30,False,Q3,2010,10-Q,105979000.0,-32094000.0,-33875000.0,-0.41,-0.41,0.0,942433000.0,575719000.0,133833000.0,325286000.0,348064000.0,138043000.0,-80379000.0,60547000.0
REGN,2010-12-31,False,FY,2010,10-K,459074000.0,-97472000.0,-104468000.0,-1.26,-1.26,0.0,1089432000.0,357622000.0,109056000.0,112572000.0,527815000.0,96344000.0,-434153000.0,243306000.0
REGN,2011-03-31,False,Q1,2011,10-Q,112204000.0,-40981000.0,-43447000.0,-0.49,-0.49,0.0,1074293000.0,325501000.0,112252000.0,135376000.0,518091000.0,-10580000.0,20347000.0,13037000.0
REGN,2011-06-30,False,Q2,2011,10-Q,107810000.0,-60319000.0,-62505000.0,-0.69,-0.69,0.0,1046864000.0,413273000.0,135868000.0,254312000.0,478034000.0,-44630000.0,163282000.0,23088000.0
REGN,2011-09-30,False,Q3,2011,10-Q,102833000.0,-58457000.0,-62365000.0,-0.68,-0.68,0.0,983031000.0,339872000.0,133235000.0,206395000.0,428253000.0,-91365000.0,162379000.0,22809000.0
REGN,2011-12-31,False,FY,2011,10-K,445824000.0,-205159000.0,-221760000.0,-2.45,-2.45,0.0,1323583000.0,652875000.0,148271000.0,483610000.0,485732000.0,-141682000.0,128471000.0,384249000.0
REGN,2012-03-31,False,Q1,2012,10-Q,231789000.0,22201000.0,11651000.0,0.12,0.11,0.0,1350159000.0,696915000.0,160386000.0,394585000.0,504024000.0,-87041000.0,15766000.0,-17750000.0
REGN,2012-06-30,False,Q2,2012,10-Q,304399000.0,87478000.0,76743000.0,0.81,0.7,0.0,1457500000.0,769193000.0,183220000.0,171943000.0,594657000.0,-165418000.0,-123422000.0,-22827000.0
REGN,2012-09-30,False,Q3,2012,10-Q,427687000.0,202364000.0,191468000.0,2.02,1.72,0.0,1660615000.0,948603000.0,178568000.0,118998000.0,806024000.0,-167800000.0,-172176000.0,-24636000.0
REGN,2012-12-31,False,FY,2012,10-K,1378477000.0,457713000.0,750269000.0,7.92,6.75,0.0,2080490000.0,1206012000.0,163550000.0,230276000.0,1245385000.0,-74615000.0,-81073000.0,-97646000.0
REGN,2013-03-31,False,Q1,2013,10-Q,439664000.0,153050000.0,98874000.0,1.02,0.9,0.0,2275998000.0,1307122000.0,197244000.0,180362000.0,1406348000.0,86248000.0,-147685000.0,11523000.0
REGN,2013-06-30,False,Q2,2013,10-Q,457642000.0,158103000.0,87376000.0,0.89,0.79,0.0,2378259000.0,1561362000.0,203802000.0,381675000.0,1493337000.0,214412000.0,-31055000.0,-31958000.0
REGN,2013-09-30,False,Q3,2013,10-Q,597027000.0,236802000.0,141306000.0,1.44,1.25,0.0,2640415000.0,1634160000.0,268727000.0,263211000.0,1690171000.0,306867000.0,-245507000.0,-28425000.0
REGN,2013-12-31,False,FY,2013,10-K,2104745000.0,760028000.0,424362000.0,4.33,3.81,0.0,2951013000.0,1796934000.0,298835000.0,535608000.0,1952076000.0,583648000.0,-355455000.0,77139000.0
REGN,2014-03-31,False,Q1,2014,10-Q,625740000.0,185939000.0,65443000.0,0.66,0.58,0.0,3260396000.0,1871049000.0,305068000.0,461858000.0,2211248000.0,53527000.0,-236231000.0,108954000.0
REGN,2014-06-30,False,Q2,2014,10-Q,665700000.0,222406000.0,92735000.0,0.92,0.82,0.0,3456078000.0,1918695000.0,351578000.0,600135000.0,2368842000.0,381317000.0,-354354000.0,37564000.0
REGN,2014-09-30,False,Q3,2014,10-Q,725788000.0,182719000.0,79720000.0,0.79,0.7,0.0,3739419000.0,2200512000.0,410200000.0,646554000.0,2551788000.0,544874000.0,-477422000.0,43494000.0
REGN,2014-12-31,False,FY,2014,10-K,2819557000.0,838431000.0,348074000.0,3.46,3.07,0.0,3871827000.0,2167461000.0,654660000.0,648719000.0,2542325000.0,743157000.0,-420777000.0,-209269000.0
REGN,2015-03-31,False,Q1,2015,10-Q,869612000.0,283553000.0,76021000.0,0.74,0.66,0.0,4198573000.0,2310714000.0,536134000.0,507907000.0,2971430000.0,-87502000.0,-129481000.0,76171000.0
REGN,2015-06-30,False,Q2,2015,10-Q,998617000.0,344859000.0,194643000.0,1.89,1.69,0.0,4526970000.0,2283341000.0,601542000.0,390554000.0,3338458000.0,156104000.0,-501130000.0,86861000.0
REGN,2015-09-30,False,Q3,2015,10-Q,1137422000.0,392422000.0,210398000.0,2.04,1.82,0.0,5182915000.0,2675640000.0,734990000.0,654587000.0,3296867000.0,1048957000.0,-784301000.0,-258788000.0
REGN,2015-12-31,False,FY,2015,10-K,4103728000.0,1251916000.0,636056000.0,6.17,5.52,0.0,5609132000.0,2915095000.0,811162000.0,809102000.0,3654837000.0,1330780000.0,-907601000.0,-262796000.0
REGN,2016-03-31,False,Q1,2016,10-Q,1200849000.0,329308000.0,165736000.0,1.59,1.45,0.0,5904460000.0,3133379000.0,919724000.0,604214000.0,3765082000.0,29340000.0,-43685000.0,-190543000.0
REGN,2016-06-30,False,Q2,2016,10-Q,1212629000.0,291628000.0,196218000.0,1.88,1.69,0.0,6204906000.0,3209225000.0,951563000.0,646508000.0,4076506000.0,444488000.0,-369695000.0,-237387000.0
REGN,2016-09-30,False,Q3,2016,10-Q,1220122000.0,362802000.0,264804000.0,2.53,2.27,0.0,6828019000.0,3501689000.0,961185000.0,920359000.0,4491247000.0,1095517000.0,-775548000.0,-208712000.0
REGN,2016-12-31,False,FY,2016,10-K,4860427000.0,1330741000.0,895522000.0,8.55,7.7,0.0,6973466000.0,3180188000.0,1241495000.0,535203000.0,4449245000.0,1473396000.0,-1046904000.0,-700391000.0
REGN,2017-03-31,False,Q1,2017,10-Q,1318991000.0,430542000.0,248931000.0,2.36,2.16,0.0,7817365000.0,3669263000.0,1308271000.0,811773000.0,4866021000.0,355901000.0,-140143000.0,60812000.0
REGN,2017-06-30,False,Q2,2017,10-Q,1470116000.0,550312000.0,387744000.0,3.66,3.34,0.0,8106373000.0,3860051000.0,1029017000.0,744313000.0,5520738000.0,325331000.0,-310552000.0,194331000.0
REGN,2017-09-30,False,Q3,2017,10-Q,1500673000.0,559926000.0,388317000.0,3.64,3.32,0.0,8701215000.0,4135742000.0,1138628000.0,792065000.0,6051593000.0,740163000.0,-669436000.0,186135000.0
