symbol,end_date,amend,period_focus,fiscal_year,doc_type,revenues,op_income,net_income,eps_basic,eps_diluted,dividend,assets,cur_assets,cur_liab,cash,equity,cash_flow_op,cash_flow_inv,cash_flow_fin
RIG,2009-06-30,True,Q2,2009,10-Q,2882000000.0,1121000000.0,806000000.0,2.5,2.49,0.0,35257000000.0,4630000000.0,2959000000.0,907000000.0,18995000000.0,1576000000.0,-1009000000.0,-962000000.0
RIG,2009-09-30,False,Q3,2009,10-Q,2823000000.0,957000000.0,710000000.0,2.2,2.19,0.0,36018000000.0,4603000000.0,2584000000.0,886000000.0,19706000000.0,1406000000.0,-538000000.0,-889000000.0
RIG,2009-12-31,False,FY,2009,10-K,11556000000.0,4400000000.0,3181000000.0,9.87,9.84,0.0,36436000000.0,4476000000.0,3618000000.0,1130000000.0,20559000000.0,5598000000.0,-2694000000.0,-2737000000.0
RIG,2010-03-31,False,Q1,2010,10-Q,2602000000.0,926000000.0,677000000.0,2.1,2.09,0.0,36838000000.0,4711000000.0,3302000000.0,1586000000.0,21206000000.0,1172000000.0,-323000000.0,-393000000.0
RIG,2010-06-30,False,Q2,2010,10-Q,2505000000.0,957000000.0,715000000.0,2.23,2.22,0.0,37552000000.0,5914000000.0,4668000000.0,2888000000.0,20727000000.0,1269000000.0,280000000.0,-247000000.0
RIG,2010-09-30,False,Q3,2010,10-Q,2309000000.0,645000000.0,368000000.0,1.15,1.15,0.0,39330000000.0,7770000000.0,4764000000.0,4636000000.0,21039000000.0,709000000.0,-298000000.0,1337000000.0
RIG,2010-12-31,False,FY,2010,10-K,9576000000.0,1866000000.0,956000000.0,2.99,2.99,0.0,36811000000.0,6195000000.0,3836000000.0,3394000000.0,21375000000.0,3946000000.0,-721000000.0,-961000000.0
RIG,2011-03-31,False,Q1,2011,10-Q,2144000000.0,372000000.0,133000000.0,0.96,0.96,0.0,37210000000.0,6904000000.0,3841000000.0,3812000000.0,21705000000.0,390000000.0,26000000.0,2000000.0
RIG,2011-06-30,False,Q2,2011,10-Q,2334000000.0,391000000.0,152000000.0,0.48,0.48,0.0,36936000000.0,6738000000.0,4484000000.0,3389000000.0,20873000000.0,340000000.0,-315000000.0,-448000000.0
RIG,2011-09-30,False,Q3,2011,10-Q,2242000000.0,268000000.0,-64000000.0,-0.22,-0.22,0.0,36645000000.0,6569000000.0,4270000000.0,3286000000.0,20812000000.0,492000000.0,-320000000.0,-275000000.0
RIG,2011-12-31,False,FY,2011,10-K,9142000000.0,-4776000000.0,-5922000000.0,-17.79,-17.79,0.0,35088000000.0,7609000000.0,5358000000.0,4017000000.0,15691000000.0,1785000000.0,-1896000000.0,734000000.0
RIG,2012-03-31,False,Q1,2012,10-Q,2331000000.0,270000000.0,57000000.0,0.12,0.12,0.0,34715000000.0,7673000000.0,5764000000.0,3982000000.0,15723000000.0,540000000.0,-207000000.0,-368000000.0
RIG,2012-06-30,False,Q2,2012,10-Q,2575000000.0,-163000000.0,-311000000.0,-0.86,-0.86,0.0,34442000000.0,7367000000.0,6726000000.0,3964000000.0,15609000000.0,459000000.0,-62000000.0,-415000000.0
RIG,2012-09-30,False,Q3,2012,10-Q,2440000000.0,803000000.0,528000000.0,-1.06,-1.06,0.0,35312000000.0,10304000000.0,6701000000.0,6001000000.0,15256000000.0,786000000.0,-35000000.0,1286000000.0
RIG,2012-12-31,False,FY,2012,10-K,9196000000.0,1581000000.0,-219000000.0,-0.62,-0.62,0.0,34255000000.0,8647000000.0,5463000000.0,5134000000.0,15730000000.0,2708000000.0,-389000000.0,-1202000000.0
RIG,2013-03-31,False,Q1,2013,10-Q,2197000000.0,473000000.0,318000000.0,0.88,0.88,0.0,32675000000.0,7133000000.0,3376000000.0,3689000000.0,16027000000.0,106000000.0,-415000000.0,-1136000000.0
RIG,2013-06-30,False,Q2,2013,10-Q,2397000000.0,602000000.0,307000000.0,0.84,0.84,0.0,32215000000.0,6866000000.0,3795000000.0,3357000000.0,15664000000.0,416000000.0,-161000000.0,-587000000.0
RIG,2013-09-30,False,Q3,2013,10-Q,2558000000.0,742000000.0,537000000.0,1.5,1.5,0.0,32601000000.0,7373000000.0,3776000000.0,3559000000.0,16259000000.0,623000000.0,-210000000.0,-211000000.0
RIG,2013-12-31,False,FY,2013,10-K,9484000000.0,2224000000.0,1394000000.0,3.87,3.87,0.0,32546000000.0,6772000000.0,3554000000.0,3243000000.0,16685000000.0,1918000000.0,-1658000000.0,-2151000000.0
RIG,2014-03-31,False,Q1,2014,10-Q,2339000000.0,672000000.0,456000000.0,1.25,1.25,0.0,31897000000.0,5633000000.0,2763000000.0,1987000000.0,17175000000.0,136000000.0,-1038000000.0,-354000000.0
RIG,2014-06-30,False,Q2,2014,10-Q,2328000000.0,765000000.0,587000000.0,1.61,1.61,0.0,32067000000.0,5760000000.0,3397000000.0,2117000000.0,16775000000.0,636000000.0,-221000000.0,-285000000.0
RIG,2014-09-30,False,Q3,2014,10-Q,2270000000.0,-2168000000.0,-2217000000.0,-6.12,-6.12,0.0,29964000000.0,6367000000.0,3546000000.0,2873000000.0,14952000000.0,882000000.0,-264000000.0,138000000.0
RIG,2014-12-31,False,FY,2014,10-K,9174000000.0,-1378000000.0,-1913000000.0,-5.29,-5.29,0.0,28413000000.0,6001000000.0,3770000000.0,2635000000.0,13982000000.0,2220000000.0,-1828000000.0,-1000000000.0
RIG,2015-03-31,False,Q1,2015,10-Q,2043000000.0,-321000000.0,-483000000.0,-1.33,-1.33,0.0,27105000000.0,5843000000.0,3173000000.0,2682000000.0,13510000000.0,526000000.0,-192000000.0,-287000000.0
RIG,2015-06-30,False,Q2,2015,10-Q,1884000000.0,506000000.0,338000000.0,0.93,0.93,0.0,26973000000.0,6719000000.0,2902000000.0,3769000000.0,13648000000.0,1311000000.0,-156000000.0,-68000000.0
RIG,2015-09-30,False,Q3,2015,10-Q,1608000000.0,445000000.0,317000000.0,0.88,0.88,0.0,25835000000.0,4906000000.0,1830000000.0,2234000000.0,14026000000.0,648000000.0,-937000000.0,-1246000000.0
RIG,2015-12-31,False,FY,2015,10-K,7386000000.0,1380000000.0,782000000.0,2.16,2.16,0.0,26329000000.0,4785000000.0,2669000000.0,2339000000.0,14808000000.0,3445000000.0,-1932000000.0,-1809000000.0
RIG,2016-03-31,False,Q1,2016,10-Q,1341000000.0,414000000.0,247000000.0,0.68,0.68,0.0,26245000000.0,4700000000.0,2588000000.0,2574000000.0,15056000000.0,631000000.0,-364000000.0,-32000000.0
RIG,2016-06-30,False,Q2,2016,10-Q,943000000.0,154000000.0,75000000.0,0.21,0.21,0.0,25839000000.0,4129000000.0,2199000000.0,2153000000.0,15140000000.0,838000000.0,-811000000.0,-213000000.0
RIG,2016-09-30,False,Q3,2016,10-Q,903000000.0,225000000.0,226000000.0,0.62,0.62,0.0,26167000000.0,4491000000.0,2306000000.0,2534000000.0,15392000000.0,1278000000.0,-1056000000.0,-27000000.0
RIG,2016-12-31,False,FY,2016,10-K,4161000000.0,1132000000.0,764000000.0,2.08,2.08,0.0,26889000000.0,5098000000.0,1985000000.0,3052000000.0,15805000000.0,1911000000.0,-1313000000.0,115000000.0
RIG,2017-03-31,False,Q1,2017,10-Q,785000000.0,173000000.0,89000000.0,0.23,0.23,0.0,26717000000.0,5071000000.0,2547000000.0,3093000000.0,15900000000.0,184000000.0,-118000000.0,-25000000.0
RIG,2017-06-30,False,Q2,2017,10-Q,751000000.0,-1544000000.0,-1690000000.0,-4.32,-4.32,0.0,23847000000.0,4286000000.0,1858000000.0,2471000000.0,14209000000.0,503000000.0,56000000.0,-1140000000.0
RIG,2017-09-30,False,Q3,2017,10-Q,808000000.0,-1145000000.0,-1417000000.0,-3.62,-3.62,0.0,22441000000.0,4451000000.0,1885000000.0,2717000000.0,12803000000.0,887000000.0,-46000000.0,-1176000000.0
