symbol,end_date,amend,period_focus,fiscal_year,doc_type,revenues,op_income,net_income,eps_basic,eps_diluted,dividend,assets,cur_assets,cur_liab,cash,equity,cash_flow_op,cash_flow_inv,cash_flow_fin
SBUX,2009-06-28,False,Q3,2009,10-Q,2403900000.0,204000000.0,151500000.0,0.2,0.2,0.0,5333100000.0,1717700000.0,1557900000.0,292000000.0,2818000000.0,1016700000.0,-310300000.0,-681500000.0
SBUX,2009-09-27,False,FY,2009,10-K,9774600000.0,562000000.0,390800000.0,0.53,0.52,0.0,5576800000.0,2035800000.0,1581000000.0,599800000.0,3045700000.0,1389000000.0,-421100000.0,-642200000.0
SBUX,2009-12-27,False,Q1,2010,10-Q,2722700000.0,352600000.0,241500000.0,0.32,0.32,0.0,6101600000.0,2583900000.0,1779200000.0,1306300000.0,3364100000.0,768700000.0,-100000000.0,39800000.0
SBUX,2010-03-28,False,Q2,2010,10-Q,2534700000.0,339800000.0,217300000.0,0.29,0.28,0.0,6144700000.0,2490400000.0,1646600000.0,1086000000.0,3554700000.0,957800000.0,-529800000.0,69100000.0
SBUX,2010-06-27,False,Q3,2010,10-Q,2612000000.0,327700000.0,207900000.0,0.28,0.27,0.13,6206900000.0,2610900000.0,1726600000.0,1125200000.0,3534600000.0,1375400000.0,-690000000.0,-140300000.0
SBUX,2010-10-03,False,FY,2010,10-K,10707400000.0,1419400000.0,945600000.0,1.27,1.24,0.36,6385900000.0,2756400000.0,1779100000.0,1164000000.0,3682300000.0,1704900000.0,-789500000.0,-346000000.0
SBUX,2011-01-02,False,Q1,2011,10-Q,2950800000.0,501900000.0,346600000.0,0.46,0.45,0.13,6931100000.0,3400400000.0,1956400000.0,1792000000.0,4060300000.0,673600000.0,-36800000.0,-9900000.0
SBUX,2011-04-03,False,Q2,2011,10-Q,2785700000.0,376100000.0,261600000.0,0.35,0.34,0.13,7027600000.0,3540300000.0,1794200000.0,1645200000.0,4327200000.0,669500000.0,-139100000.0,-61300000.0
SBUX,2011-07-03,False,Q3,2011,10-Q,2932200000.0,402200000.0,279100000.0,0.37,0.36,0.13,7097800000.0,3587000000.0,1859400000.0,1720800000.0,4341500000.0,1126700000.0,-217000000.0,-367400000.0
SBUX,2011-10-02,False,FY,2011,10-K,11700400000.0,1728500000.0,1245700000.0,1.66,1.62,0.56,7360400000.0,3794900000.0,2075800000.0,1148100000.0,4387300000.0,1612400000.0,-1019500000.0,-608000000.0
SBUX,2012-01-01,False,Q1,2012,10-Q,3435900000.0,556000000.0,382100000.0,0.51,0.5,0.17,7835600000.0,4237100000.0,2158800000.0,1569600000.0,4775300000.0,466300000.0,-19700000.0,-26600000.0
SBUX,2012-04-01,False,Q2,2012,10-Q,3195900000.0,430400000.0,309900000.0,0.41,0.4,0.17,8006500000.0,4351500000.0,1971400000.0,1432200000.0,5136700000.0,575600000.0,-287000000.0,-11900000.0
SBUX,2012-07-01,False,Q3,2012,10-Q,3303600000.0,491600000.0,333100000.0,0.44,0.43,0.17,8308900000.0,4569600000.0,2018200000.0,1501300000.0,5388000000.0,1126900000.0,-684200000.0,-88500000.0
SBUX,2012-09-30,False,FY,2012,10-K,13299500000.0,1997400000.0,1383800000.0,1.83,1.79,0.72,8219200000.0,4199600000.0,2209800000.0,1188600000.0,5114500000.0,1750300000.0,-974000000.0,-745500000.0
SBUX,2012-12-30,False,Q1,2013,10-Q,3799600000.0,630600000.0,432200000.0,0.58,0.57,0.21,8490100000.0,4416000000.0,2390900000.0,1852100000.0,5175000000.0,1067300000.0,28700000.0,-434000000.0
SBUX,2013-03-31,False,Q2,2013,10-Q,7111800000.0,544100000.0,390400000.0,0.52,0.51,0.21,8502800000.0,3810200000.0,2269700000.0,1223200000.0,5327500000.0,1372500000.0,-613000000.0,-718500000.0
SBUX,2013-06-30,False,Q3,2013,10-Q,3741700000.0,615200000.0,417800000.0,0.56,0.55,0.21,9062400000.0,4239700000.0,2424400000.0,1430800000.0,5747600000.0,2037800000.0,-998400000.0,-783800000.0
SBUX,2013-09-29,False,FY,2013,10-K,14892200000.0,-325400000.0,8300000.0,0.01,0.01,0.89,11516700000.0,5471400000.0,5377300000.0,2575700000.0,4482300000.0,2908300000.0,-1411200000.0,-108200000.0
SBUX,2013-12-29,False,Q1,2014,10-Q,4239600000.0,813500000.0,540700000.0,0.72,0.71,0.26,10255200000.0,3759400000.0,2953000000.0,1545800000.0,4889500000.0,-1401900000.0,-193300000.0,568900000.0
SBUX,2014-03-30,False,Q2,2014,10-Q,3873800000.0,644100000.0,427000000.0,0.57,0.56,0.26,10097000000.0,3579000000.0,2733500000.0,1190300000.0,4947100000.0,-983500000.0,-549000000.0,157400000.0
SBUX,2014-06-29,False,Q3,2014,10-Q,4153700000.0,768500000.0,512600000.0,0.68,0.67,0.26,10385300000.0,3356900000.0,2883900000.0,1019400000.0,5070800000.0,-133400000.0,-1122900000.0,-295700000.0
SBUX,2014-09-28,False,FY,2014,10-K,16447800000.0,3081100000.0,2068100000.0,2.75,2.71,1.1,10752900000.0,4168700000.0,3038700000.0,1708400000.0,5273700000.0,607800000.0,-817700000.0,-623300000.0
SBUX,2014-12-28,False,Q1,2015,10-Q,4803200000.0,915500000.0,983100000.0,1.31,1.3,0.32,12351100000.0,4546100000.0,3557500000.0,1857000000.0,6157800000.0,1425200000.0,-522500000.0,-668300000.0
SBUX,2015-03-29,False,Q2,2015,10-Q,4563500000.0,777500000.0,494900000.0,0.33,0.33,0.16,12190700000.0,4245400000.0,3521200000.0,1750400000.0,6010700000.0,2000900000.0,-872800000.0,-975400000.0
SBUX,2015-06-28,False,Q3,2015,10-Q,4881200000.0,938600000.0,626700000.0,0.42,0.41,0.16,12868800000.0,4760700000.0,4049200000.0,2080500000.0,5858300000.0,2779200000.0,-1292400000.0,-996800000.0
SBUX,2015-09-27,False,FY,2015,10-K,19162700000.0,3601000000.0,2757400000.0,1.84,1.82,0.68,12446100000.0,4352700000.0,3653500000.0,1530100000.0,5819800000.0,3749100000.0,-1520300000.0,-2256500000.0
SBUX,2015-12-27,False,Q1,2016,10-Q,5373500000.0,1058000000.0,687600000.0,0.46,0.46,0.2,12943500000.0,4727700000.0,4420100000.0,2263500000.0,5983400000.0,1636000000.0,-360100000.0,-528700000.0
SBUX,2016-03-27,False,Q2,2016,10-Q,4993200000.0,864200000.0,575100000.0,0.39,0.39,0.2,12519400000.0,3883500000.0,4351200000.0,1294400000.0,5096400000.0,2185500000.0,-952800000.0,-1463000000.0
SBUX,2016-06-26,False,Q3,2016,10-Q,5238000000.0,1022300000.0,754100000.0,0.51,0.51,0.2,13833200000.0,4856200000.0,4245200000.0,2141800000.0,5724000000.0,3266900000.0,-1558100000.0,-1094100000.0
SBUX,2016-10-02,False,FY,2016,10-K,21315900000.0,4171900000.0,2817700000.0,1.91,1.9,0.85,14329500000.0,4760500000.0,4546900000.0,2128800000.0,5890700000.0,4575100000.0,-2222900000.0,-1750000000.0
SBUX,2017-01-01,False,Q1,2017,10-Q,5732900000.0,1132600000.0,751800000.0,0.52,0.51,0.25,14017300000.0,4616200000.0,4397300000.0,2034600000.0,5803100000.0,1495700000.0,-401500000.0,-1155000000.0
SBUX,2017-04-02,False,Q2,2017,10-Q,5294000000.0,935400000.0,652800000.0,0.45,0.45,0.25,14227900000.0,4919400000.0,4000100000.0,2163900000.0,5611400000.0,1939000000.0,-565300000.0,-1317900000.0
SBUX,2017-07-02,False,Q3,2017,10-Q,5661500000.0,1044200000.0,691600000.0,0.48,0.47,0.25,14522700000.0,5509300000.0,4026500000.0,2716200000.0,5849500000.0,3089600000.0,-669500000.0,-1822800000.0
SBUX,2017-10-01,False,FY,2017,10-K,22386800000.0,4134700000.0,2884700000.0,1.99,1.97,0.0,14365600000.0,5283400000.0,4220700000.0,2462300000.0,5457000000.0,4174300000.0,-850000000.0,-3001600000.0
