symbol,end_date,amend,period_focus,fiscal_year,doc_type,revenues,op_income,net_income,eps_basic,eps_diluted,dividend,assets,cur_assets,cur_liab,cash,equity,cash_flow_op,cash_flow_inv,cash_flow_fin
SCG,2010-06-30,False,Q2,2010,10-Q,939000000.0,137000000.0,54000000.0,0.43,0.43,0.475,12252000000.0,1318000000.0,1604000000.0,82000000.0,3544000000.0,360000000.0,-461000000.0,21000000.0
SCG,2010-09-30,False,Q3,2010,10-Q,1088000000.0,196000000.0,101000000.0,0.8,0.79,0.475,12602000000.0,1476000000.0,1968000000.0,27000000.0,3584000000.0,647000000.0,-707000000.0,-75000000.0
SCG,2010-12-31,False,FY,2010,10-K,4601000000.0,768000000.0,376000000.0,2.99,2.98,1.9,12968000000.0,1631000000.0,1867000000.0,55000000.0,3702000000.0,811000000.0,-874000000.0,-44000000.0
SCG,2011-03-31,False,Q1,2011,10-Q,1281000000.0,248000000.0,128000000.0,1.0,1.0,0.485,12873000000.0,1395000000.0,1825000000.0,122000000.0,3800000000.0,241000000.0,-300000000.0,126000000.0
SCG,2011-06-30,False,Q2,2011,10-Q,1000000000.0,142000000.0,56000000.0,0.44,0.43,0.485,13144000000.0,1435000000.0,1653000000.0,166000000.0,3805000000.0,425000000.0,-541000000.0,227000000.0
SCG,2011-09-30,False,Q3,2011,10-Q,1092000000.0,215000000.0,105000000.0,0.81,0.81,0.485,13170000000.0,1421000000.0,1686000000.0,74000000.0,3838000000.0,677000000.0,-876000000.0,218000000.0
SCG,2011-12-31,False,FY,2011,10-K,4409000000.0,813000000.0,387000000.0,3.01,2.97,1.94,13534000000.0,1491000000.0,1642000000.0,29000000.0,3889000000.0,811000000.0,-1077000000.0,240000000.0
SCG,2012-03-31,False,Q1,2012,10-Q,1107000000.0,238000000.0,121000000.0,0.93,0.91,0.495,13580000000.0,1359000000.0,1345000000.0,27000000.0,3977000000.0,185000000.0,-317000000.0,130000000.0
SCG,2012-06-30,False,Q2,2012,10-Q,908000000.0,171000000.0,72000000.0,0.55,0.54,0.495,13749000000.0,1367000000.0,1622000000.0,28000000.0,4010000000.0,439000000.0,-603000000.0,163000000.0
SCG,2012-09-30,False,Q3,2012,10-Q,1038000000.0,238000000.0,122000000.0,0.93,0.91,0.495,13964000000.0,1361000000.0,1411000000.0,41000000.0,4095000000.0,768000000.0,-867000000.0,111000000.0
SCG,2012-12-31,False,FY,2012,10-K,4176000000.0,859000000.0,420000000.0,3.2,3.15,1.98,14616000000.0,1527000000.0,1811000000.0,72000000.0,4154000000.0,839000000.0,-1056000000.0,260000000.0
SCG,2013-03-31,False,Q1,2013,10-Q,1311000000.0,293000000.0,151000000.0,1.13,1.11,0.5075,14757000000.0,1404000000.0,1496000000.0,43000000.0,4463000000.0,193000000.0,-275000000.0,53000000.0
SCG,2013-06-30,False,Q2,2013,10-Q,1016000000.0,189000000.0,85000000.0,0.6,0.6,0.5075,14938000000.0,1419000000.0,1163000000.0,92000000.0,4506000000.0,493000000.0,-492000000.0,19000000.0
SCG,2013-09-30,False,Q3,2013,10-Q,0.0,255000000.0,131000000.0,0.94,0.94,0.5075,14997000000.0,1351000000.0,1203000000.0,30000000.0,4598000000.0,779000000.0,-836000000.0,15000000.0
SCG,2013-12-31,False,FY,2013,10-K,0.0,910000000.0,471000000.0,3.4,3.39,2.03,15164000000.0,1421000000.0,1442000000.0,136000000.0,4664000000.0,1050000000.0,-946000000.0,-40000000.0
SCG,2014-03-31,False,Q1,2014,10-Q,0.0,350000000.0,193000000.0,1.37,1.37,0.525,15342000000.0,1344000000.0,1508000000.0,110000000.0,4809000000.0,138000000.0,-295000000.0,131000000.0
SCG,2014-06-30,False,Q2,2014,10-Q,0.0,154000000.0,96000000.0,0.68,0.68,0.525,15626000000.0,1328000000.0,1444000000.0,72000000.0,4854000000.0,301000000.0,-570000000.0,205000000.0
SCG,2014-09-30,False,Q3,2014,10-Q,0.0,269000000.0,144000000.0,1.01,1.01,0.525,15871000000.0,1359000000.0,1536000000.0,82000000.0,4948000000.0,558000000.0,-855000000.0,243000000.0
SCG,2014-12-31,False,FY,2014,10-K,0.0,1007000000.0,538000000.0,3.79,3.79,2.1,16852000000.0,2145000000.0,2533000000.0,137000000.0,4987000000.0,730000000.0,-1315000000.0,586000000.0
SCG,2015-03-31,False,Q1,2015,10-Q,0.0,586000000.0,400000000.0,2.8,2.8,0.545,16406000000.0,1435000000.0,1732000000.0,31000000.0,5325000000.0,195000000.0,211000000.0,-512000000.0
SCG,2015-06-30,False,Q2,2015,10-Q,0.0,216000000.0,99000000.0,0.69,0.69,0.545,16368000000.0,1289000000.0,1164000000.0,55000000.0,5351000000.0,377000000.0,-3000000.0,-456000000.0
SCG,2015-09-30,False,Q3,2015,10-Q,0.0,292000000.0,149000000.0,1.04,1.04,0.545,16506000000.0,1221000000.0,1294000000.0,54000000.0,5419000000.0,807000000.0,-346000000.0,-544000000.0
SCG,2015-12-31,False,FY,2015,10-K,0.0,1308000000.0,746000000.0,5.22,5.22,2.18,17146000000.0,1378000000.0,1952000000.0,176000000.0,5443000000.0,1059000000.0,-660000000.0,-360000000.0
SCG,2016-03-31,False,Q1,2016,10-Q,0.0,331000000.0,176000000.0,1.23,1.23,0.575,17368000000.0,1217000000.0,2031000000.0,86000000.0,5539000000.0,61000000.0,-451000000.0,300000000.0
SCG,2016-06-30,False,Q2,2016,10-Q,0.0,221000000.0,105000000.0,0.74,0.74,0.575,17672000000.0,1142000000.0,1639000000.0,67000000.0,5567000000.0,282000000.0,-947000000.0,556000000.0
SCG,2016-09-30,False,Q3,2016,10-Q,0.0,348000000.0,189000000.0,1.32,1.32,0.575,18446000000.0,1453000000.0,1864000000.0,56000000.0,5675000000.0,679000000.0,-1380000000.0,581000000.0
SCG,2016-12-31,False,FY,2016,10-K,0.0,1153000000.0,595000000.0,4.16,4.16,2.3,18707000000.0,1506000000.0,2065000000.0,208000000.0,5725000000.0,1092000000.0,-1620000000.0,560000000.0
SCG,2017-03-31,False,Q1,2017,10-Q,0.0,316000000.0,171000000.0,1.19,1.19,0.61,18458000000.0,1047000000.0,1661000000.0,12000000.0,5806000000.0,309000000.0,-343000000.0,-162000000.0
SCG,2017-06-30,False,Q2,2017,10-Q,0.0,249000000.0,121000000.0,0.85,0.85,0.6125,19056000000.0,1186000000.0,2183000000.0,91000000.0,5838000000.0,513000000.0,-784000000.0,154000000.0
SCG,2017-09-30,False,Q3,2017,10-Q,0.0,120000000.0,34000000.0,0.24,0.24,0.6125,20019000000.0,2164000000.0,2451000000.0,1011000000.0,5787000000.0,927000000.0,-81000000.0,-43000000.0
