symbol,end_date,amend,period_focus,fiscal_year,doc_type,revenues,op_income,net_income,eps_basic,eps_diluted,dividend,assets,cur_assets,cur_liab,cash,equity,cash_flow_op,cash_flow_inv,cash_flow_fin
SPLS,2009-08-01,False,Q2,2010,10-Q,5533779000.0,206580000.0,92411000.0,0.13,0.13,0.08,13296848000.0,5716696000.0,4152789000.0,633442000.0,6180903000.0,697964000.0,-129865000.0,-610933000.0
SPLS,2009-10-31,False,Q3,2009,10-Q,6518039000.0,466962000.0,269381000.0,0.38,0.37,0.08,13673335000.0,6012695000.0,3916775000.0,1035147000.0,6648398000.0,1587287000.0,-191149000.0,-1064689000.0
SPLS,2010-01-30,False,FY,2009,10-K,24275451000.0,1382345000.0,738671000.0,1.04,1.02,0.33,13717334000.0,6174767000.0,3782319000.0,1415819000.0,6854940000.0,2084208000.0,-313228000.0,-1037280000.0
SPLS,2010-05-01,False,Q1,2010,10-Q,6057795000.0,362306000.0,188770000.0,0.26,0.26,0.09,13546453000.0,6236870000.0,4057285000.0,1533390000.0,6867941000.0,192847000.0,-48993000.0,-25416000.0
SPLS,2010-07-31,False,Q2,2010,10-Q,5534240000.0,268153000.0,129756000.0,0.18,0.18,0.09,13234004000.0,5866489000.0,4124766000.0,871960000.0,6461356000.0,245426000.0,-189989000.0,-583803000.0
SPLS,2010-10-30,False,Q3,2010,10-Q,6537676000.0,514425000.0,288680000.0,0.4,0.4,0.09,13880762000.0,6435368000.0,4416401000.0,1369721000.0,6782765000.0,1004088000.0,-284867000.0,-773329000.0
SPLS,2011-01-29,False,FY,2010,10-K,24545113000.0,1573513000.0,881948000.0,1.23,1.21,0.36,13911667000.0,6468167000.0,4293593000.0,1461257000.0,6951181000.0,1446491000.0,-471955000.0,-938406000.0
SPLS,2011-04-30,False,Q1,2011,10-Q,6172938000.0,348327000.0,198245000.0,0.28,0.28,0.1,13773853000.0,6145935000.0,3939239000.0,932515000.0,7274039000.0,210266000.0,-62617000.0,-710685000.0
SPLS,2011-07-30,False,Q2,2011,10-Q,5819612000.0,278139000.0,176438000.0,0.25,0.25,0.1,13681220000.0,6185415000.0,3936025000.0,823124000.0,7119652000.0,302164000.0,-164149000.0,-798876000.0
SPLS,2011-10-29,False,Q3,2011,10-Q,6569927000.0,533188000.0,326380000.0,0.47,0.47,0.1,13615017000.0,6334398000.0,4205459000.0,1060364000.0,7179997000.0,1095632000.0,-243740000.0,-1266941000.0
SPLS,2012-01-28,False,FY,2011,10-K,25022192000.0,1628434000.0,984656000.0,1.42,1.4,0.4,13430622000.0,6290820000.0,4074278000.0,1264149000.0,7022213000.0,1576475000.0,-383654000.0,-1360094000.0
SPLS,2012-04-28,False,Q1,2012,10-Q,6104825000.0,318056000.0,187059000.0,0.27,0.27,0.11,13358268000.0,6245810000.0,3907243000.0,1204521000.0,7095271000.0,146857000.0,-52077000.0,-161365000.0
SPLS,2012-07-28,False,Q2,2012,10-Q,5498496000.0,220057000.0,120429000.0,0.18,0.18,0.11,12993083000.0,6121944000.0,3933804000.0,984666000.0,6796753000.0,256780000.0,-126220000.0,-378591000.0
SPLS,2012-10-27,False,Q3,2012,10-Q,6353140000.0,-357147000.0,-596252000.0,-0.89,-0.89,0.11,12151985000.0,6083348000.0,3759820000.0,1020684000.0,6178729000.0,895386000.0,-196604000.0,-937607000.0
SPLS,2013-02-02,False,FY,2012,10-K,24380510000.0,510065000.0,-210706000.0,-0.31,-0.31,0.44,12280005000.0,6200437000.0,4418625000.0,1334302000.0,6136094000.0,1219188000.0,-342015000.0,-812265000.0
SPLS,2013-05-04,False,Q1,2013,10-Q,5814571000.0,285087000.0,169927000.0,0.26,0.26,0.12,12256126000.0,6323205000.0,4454010000.0,1436628000.0,6096091000.0,347569000.0,-75394000.0,-157838000.0
SPLS,2013-08-03,False,Q2,2013,10-Q,5314724000.0,187707000.0,102531000.0,0.16,0.16,0.12,11999640000.0,6114235000.0,4287406000.0,1192049000.0,6037841000.0,347565000.0,-149946000.0,-319579000.0
SPLS,2013-11-02,False,Q3,2013,10-Q,6111695000.0,366596000.0,135228000.0,0.21,0.21,0.12,12179506000.0,6249367000.0,4457072000.0,1391876000.0,6063384000.0,875139000.0,-313029000.0,-488228000.0
SPLS,2014-02-01,False,FY,2013,10-K,23114263000.0,1177501000.0,620069000.0,0.95,0.94,0.48,11174876000.0,5239558000.0,3368450000.0,501105000.0,6140835000.0,1108286000.0,-479545000.0,-1442049000.0
SPLS,2014-05-03,False,Q1,2014,10-Q,5654259000.0,158780000.0,96210000.0,0.15,0.15,0.12,11443460000.0,5530295000.0,3565749000.0,785033000.0,6171134000.0,359851000.0,2188000.0,-73666000.0
SPLS,2014-08-02,False,Q2,2014,10-Q,5220103000.0,19362000.0,81875000.0,0.13,0.13,0.12,11278024000.0,5431874000.0,3519048000.0,409338000.0,6071790000.0,303578000.0,-124296000.0,-260797000.0
SPLS,2014-11-01,False,Q3,2014,10-Q,5961531000.0,328243000.0,216792000.0,0.34,0.34,0.12,11304403000.0,5598635000.0,3620722000.0,762139000.0,6032590000.0,908178000.0,-207165000.0,-418604000.0
SPLS,2015-01-31,False,FY,2014,10-K,22492360000.0,309866000.0,134526000.0,0.21,0.21,0.48,10313728000.0,5176423000.0,3290571000.0,627174000.0,5313365000.0,1042938000.0,-375293000.0,-492656000.0
SPLS,2015-05-02,False,Q1,2015,10-Q,5262000000.0,98000000.0,59000000.0,0.09,0.09,0.12,10438000000.0,5381000000.0,3391000000.0,795000000.0,5336000000.0,300000000.0,-63000000.0,-78000000.0
SPLS,2015-08-01,False,Q2,2015,10-Q,4937000000.0,92000000.0,36000000.0,0.06,0.06,0.12,10326000000.0,5374000000.0,3412000000.0,611000000.0,5223000000.0,300000000.0,-151000000.0,-158000000.0
SPLS,2015-10-31,False,Q3,2015,10-Q,5593000000.0,318000000.0,198000000.0,0.31,0.31,0.12,10318000000.0,5439000000.0,3325000000.0,782000000.0,5347000000.0,703000000.0,-227000000.0,-310000000.0
SPLS,2016-01-30,False,FY,2015,10-K,21059000000.0,641000000.0,-17000000.0,0.59,0.59,0.48,10172000000.0,5112000000.0,3264000000.0,825000000.0,5384000000.0,978000000.0,-374000000.0,-378000000.0
SPLS,2016-04-30,False,Q1,2016,10-Q,5101000000.0,108000000.0,41000000.0,0.06,0.06,0.12,12815000000.0,5289000000.0,3320000000.0,946000000.0,5489000000.0,276000000.0,-99000000.0,-86000000.0
SPLS,2016-07-30,False,Q2,2016,10-Q,4752000000.0,-825000000.0,-766000000.0,-1.18,-1.18,0.12,9483000000.0,5248000000.0,3399000000.0,775000000.0,4572000000.0,-11000000.0,-85000000.0,29000000.0
SPLS,2016-10-29,False,Q3,2016,10-Q,5355000000.0,298000000.0,179000000.0,0.28,0.27,0.12,9387000000.0,5334000000.0,3241000000.0,1076000000.0,4655000000.0,630000000.0,-141000000.0,-244000000.0
SPLS,2017-01-28,False,FY,2016,10-K,18247000000.0,-264000000.0,-1497000000.0,-2.31,-2.31,0.48,8271000000.0,5231000000.0,3650000000.0,1137000000.0,3696000000.0,934000000.0,-311000000.0,-318000000.0
SPLS,2017-04-29,False,Q1,2017,10-Q,4149000000.0,163000000.0,-815000000.0,-1.25,-1.24,0.12,7510000000.0,4585000000.0,3194000000.0,1290000000.0,3368000000.0,258000000.0,-15000000.0,-80000000.0
SPLS,2017-07-29,False,Q2,2017,10-Q,3905000000.0,106000000.0,55000000.0,0.08,0.08,0.12,7666000000.0,4754000000.0,3316000000.0,1199000000.0,3395000000.0,279000000.0,-67000000.0,-148000000.0
