symbol,end_date,amend,period_focus,fiscal_year,doc_type,revenues,op_income,net_income,eps_basic,eps_diluted,dividend,assets,cur_assets,cur_liab,cash,equity,cash_flow_op,cash_flow_inv,cash_flow_fin
SRCL,2017-09-30,False,Q3,2017,10-Q,882774000.0,93603000.0,35449000.0,0.42,0.41,0.0,7016362000.0,794706000.0,972667000.0,52171000.0,2818721000.0,392043000.0,-113767000.0,-271299000.0
SRCL,2010-06-30,False,Q2,2010,10-Q,347734000.0,93598000.0,53094000.0,0.63,0.61,0.0,2300988000.0,261060000.0,252318000.0,8251000.0,979403000.0,129305000.0,-85754000.0,-49700000.0
SRCL,2010-09-30,False,Q3,2010,10-Q,362988000.0,96039000.0,56686000.0,0.66,0.65,0.0,2434286000.0,313141000.0,269989000.0,20627000.0,1056984000.0,205426000.0,-140724000.0,-53707000.0
SRCL,2011-09-30,False,Q3,2011,10-Q,420924000.0,104566000.0,59247000.0,0.69,0.68,0.0,3155508000.0,384842000.0,329913000.0,23395000.0,1211725000.0,215176000.0,-486099000.0,211955000.0
SRCL,2011-06-30,False,Q2,2011,10-Q,410441000.0,101948000.0,55542000.0,0.65,0.63,0.0,2965596000.0,371647000.0,268335000.0,38199000.0,1251032000.0,119694000.0,-304489000.0,144366000.0
SRCL,2010-12-31,False,FY,2010,10-K,1439388000.0,370683000.0,207879000.0,2.44,2.39,0.0,2639023000.0,368688000.0,308489000.0,77053000.0,1080350000.0,325670000.0,-247705000.0,-13565000.0
SRCL,2012-06-30,False,Q2,2012,10-Q,468950000.0,117727000.0,67593000.0,0.79,0.78,0.0,3341654000.0,436128000.0,301982000.0,54213000.0,1389176000.0,188798000.0,-145537000.0,-12805000.0
SRCL,2012-03-31,False,Q1,2012,10-Q,460077000.0,116262000.0,64857000.0,0.76,0.75,0.0,3275234000.0,427078000.0,333817000.0,30262000.0,1327738000.0,99561000.0,-45233000.0,-47457000.0
SRCL,2011-03-31,False,Q1,2011,10-Q,398126000.0,102413000.0,55674000.0,0.65,0.64,0.0,2643637000.0,337663000.0,292245000.0,24656000.0,1178007000.0,65585000.0,-32086000.0,-87704000.0
SRCL,2014-06-30,False,Q2,2014,10-Q,640822000.0,145378000.0,81936000.0,0.97,0.95,0.0,4437281000.0,566875000.0,488839000.0,25326000.0,1852343000.0,238348000.0,-350552000.0,70757000.0
SRCL,2015-03-31,False,Q1,2015,10-Q,663319000.0,127053000.0,75458000.0,0.89,0.87,0.0,4383514000.0,596063000.0,482400000.0,38283000.0,1950007000.0,132554000.0,-55309000.0,-57604000.0
SRCL,2014-03-31,False,Q1,2014,10-Q,569955000.0,132659000.0,79149000.0,0.93,0.91,0.0,3865579000.0,502886000.0,403181000.0,43058000.0,1785547000.0,144475000.0,-30629000.0,-132822000.0
SRCL,2013-12-31,False,FY,2013,10-K,2142807000.0,535619000.0,311372000.0,3.62,3.56,0.0,3882797000.0,535089000.0,411008000.0,61991000.0,1767538000.0,403467000.0,-234972000.0,-136019000.0
SRCL,2013-09-30,False,Q3,2013,10-Q,534579000.0,135395000.0,80547000.0,0.94,0.92,0.0,3845129000.0,527972000.0,411604000.0,63580000.0,1722733000.0,335283000.0,-186186000.0,-115046000.0
SRCL,2014-12-31,False,FY,2014,10-K,2555601000.0,556336000.0,326456000.0,3.84,3.79,0.0,4401722000.0,580216000.0,461531000.0,22236000.0,1917185000.0,448500000.0,-462774000.0,-30049000.0
SRCL,2014-09-30,False,Q3,2014,10-Q,667877000.0,139536000.0,82845000.0,0.98,0.96,0.0,4445634000.0,592677000.0,515305000.0,41985000.0,1880187000.0,344972000.0,-397124000.0,26211000.0
SRCL,2013-06-30,False,Q2,2013,10-Q,526525000.0,133520000.0,78044000.0,0.91,0.89,0.0,3618425000.0,467765000.0,313960000.0,18001000.0,1649443000.0,176483000.0,-100809000.0,-88469000.0
SRCL,2013-03-31,False,Q1,2013,10-Q,513804000.0,131597000.0,74617000.0,0.87,0.85,0.0,3542211000.0,437955000.0,320298000.0,12722000.0,1625468000.0,98170000.0,-35359000.0,-80802000.0
SRCL,2012-09-30,False,Q3,2012,10-Q,480484000.0,114547000.0,65477000.0,0.76,0.75,0.0,3411596000.0,417385000.0,521323000.0,16205000.0,1492858000.0,277147000.0,-204333000.0,-80694000.0
SRCL,2012-12-31,False,FY,2012,10-K,1913149000.0,468836000.0,267996000.0,3.14,3.08,0.0,3546738000.0,441286000.0,331060000.0,31324000.0,1557323000.0,387448000.0,-294245000.0,-86209000.0
SRCL,2011-12-31,False,FY,2011,10-K,1676048000.0,424311000.0,234751000.0,2.75,2.69,0.0,3177090000.0,390596000.0,326914000.0,22511000.0,1227251000.0,306104000.0,-514649000.0,148324000.0
SRCL,2015-12-31,True,FY,2015,10-K,2985908000.0,487612000.0,256940000.0,3.02,2.98,0.0,7077450000.0,761828000.0,587349000.0,55634000.0,2747838000.0,390328000.0,-2533904000.0,2181208000.0
SRCL,2015-12-31,False,FY,2015,10-K,2985908000.0,487612000.0,256940000.0,3.02,2.98,0.0,7077450000.0,761828000.0,587349000.0,55634000.0,2747838000.0,390328000.0,-2533904000.0,2181208000.0
SRCL,2016-06-30,False,Q2,2016,10-Q,891621000.0,99708000.0,37293000.0,0.44,0.43,0.0,7146368000.0,770362000.0,517104000.0,44320000.0,2829079000.0,245440000.0,-107868000.0,-149183000.0
SRCL,2016-09-30,False,Q3,2016,10-Q,890144000.0,124517000.0,61536000.0,0.72,0.72,0.0,7057264000.0,773938000.0,537727000.0,40291000.0,2858789000.0,417768000.0,-148497000.0,-286936000.0
SRCL,2016-03-31,True,Q1,2016,10-Q,874181000.0,140923000.0,66680000.0,0.79,0.78,0.0,7112544000.0,757358000.0,552513000.0,45655000.0,2818489000.0,156949000.0,-58296000.0,-108421000.0
SRCL,2016-03-31,False,Q1,2016,10-Q,874181000.0,140923000.0,66680000.0,0.79,0.78,0.0,7112544000.0,757358000.0,552513000.0,45655000.0,2818489000.0,156949000.0,-58296000.0,-108421000.0
SRCL,2015-12-31,False,FY,2015,10-K,2985908000.0,487612000.0,256940000.0,3.02,2.98,0.0,7077450000.0,761828000.0,587349000.0,55634000.0,2747838000.0,390328000.0,-2533904000.0,2181208000.0
SRCL,2015-09-30,False,Q3,2015,10-Q,718596000.0,100256000.0,50579000.0,0.6,0.59,0.0,5176457000.0,1319465000.0,533934000.0,32883000.0,2734442000.0,293291000.0,-805583000.0,523516000.0
SRCL,2015-06-30,False,Q2,2015,10-Q,715689000.0,109764000.0,60449000.0,0.71,0.7,0.0,4526944000.0,660193000.0,509735000.0,32956000.0,1982021000.0,178660000.0,-108289000.0,-56869000.0
SRCL,2017-06-30,False,Q2,2017,10-Q,917733000.0,-192354000.0,-148768000.0,-1.74,-1.74,0.0,7037497000.0,796114000.0,915233000.0,44191000.0,2760816000.0,237078000.0,-83842000.0,-157124000.0
SRCL,2017-03-31,False,Q1,2017,10-Q,892399000.0,114549000.0,53388000.0,0.63,0.62,0.0,6996856000.0,759924000.0,579561000.0,47023000.0,2892481000.0,175320000.0,-49757000.0,-124104000.0
SRCL,2016-12-31,False,FY,2016,10-K,3562342000.0,433775000.0,178230000.0,2.1,2.08,0.0,6980061000.0,773618000.0,542853000.0,44189000.0,2816386000.0,547249000.0,-195606000.0,-363255000.0
