symbol,end_date,amend,period_focus,fiscal_year,doc_type,revenues,op_income,net_income,eps_basic,eps_diluted,dividend,assets,cur_assets,cur_liab,cash,equity,cash_flow_op,cash_flow_inv,cash_flow_fin
STX,2017-09-29,False,Q1,2018,10-Q,2632000000.0,255000000.0,181000000.0,0.62,0.62,0.63,8956000000.0,4824000000.0,2458000000.0,2285000000.0,1242000000.0,237000000.0,-132000000.0,-363000000.0
STX,2011-04-01,False,Q3,2011,10-Q,2695000000.0,179000000.0,93000000.0,0.21,0.21,0.0,8280000000.0,5504000000.0,3105000000.0,2201000000.0,2487000000.0,947000000.0,-703000000.0,-306000000.0
STX,2010-12-31,False,Q2,2011,10-Q,2719000000.0,206000000.0,150000000.0,0.32,0.31,0.0,8658000000.0,5826000000.0,3178000000.0,2528000000.0,2776000000.0,752000000.0,-580000000.0,93000000.0
STX,2010-10-01,False,Q1,2011,10-Q,2697000000.0,231000000.0,149000000.0,0.32,0.31,0.0,7988000000.0,5156000000.0,3116000000.0,1783000000.0,2923000000.0,245000000.0,-379000000.0,-346000000.0
STX,2011-12-30,False,Q2,2012,10-Q,3195000000.0,605000000.0,563000000.0,1.32,1.28,0.18,9171000000.0,5400000000.0,2372000000.0,1825000000.0,3465000000.0,879000000.0,-843000000.0,-888000000.0
STX,2011-07-01,False,FY,2011,10-K,10971000000.0,806000000.0,511000000.0,1.13,1.09,0.18,9225000000.0,6425000000.0,3463000000.0,2677000000.0,2463000000.0,1264000000.0,-981000000.0,131000000.0
STX,2011-09-30,False,Q1,2012,10-Q,2811000000.0,236000000.0,140000000.0,0.33,0.32,0.18,8732000000.0,5998000000.0,3039000000.0,2474000000.0,2425000000.0,160000000.0,-149000000.0,-214000000.0
STX,2015-10-02,False,Q1,2016,10-Q,2925000000.0,86000000.0,34000000.0,0.11,0.11,0.54,9079000000.0,4882000000.0,2718000000.0,1915000000.0,1922000000.0,824000000.0,-209000000.0,-1178000000.0
STX,2015-07-03,False,FY,2015,10-K,13739000000.0,2058000000.0,1742000000.0,5.38,5.26,2.05,9845000000.0,5568000000.0,2343000000.0,2479000000.0,3018000000.0,2647000000.0,-1287000000.0,-1495000000.0
STX,2015-04-03,False,Q3,2015,10-Q,3330000000.0,343000000.0,291000000.0,0.9,0.88,0.54,10036000000.0,5831000000.0,3043000000.0,2604000000.0,3191000000.0,2419000000.0,-1068000000.0,-1359000000.0
STX,2015-01-02,False,Q2,2015,10-Q,3696000000.0,1053000000.0,933000000.0,2.84,2.78,0.54,10814000000.0,6632000000.0,2819000000.0,3296000000.0,3715000000.0,2045000000.0,-853000000.0,-518000000.0
STX,2014-10-03,False,Q1,2015,10-Q,3785000000.0,456000000.0,381000000.0,1.17,1.13,0.43,9765000000.0,5583000000.0,2596000000.0,2190000000.0,2946000000.0,602000000.0,-619000000.0,-420000000.0
STX,2014-06-27,False,FY,2014,10-K,13724000000.0,1776000000.0,1570000000.0,4.66,4.52,1.67,9492000000.0,5777000000.0,2398000000.0,2634000000.0,2832000000.0,2558000000.0,-322000000.0,-1311000000.0
STX,2014-03-28,False,Q3,2014,10-Q,3406000000.0,444000000.0,395000000.0,1.21,1.17,0.43,8659000000.0,5151000000.0,2162000000.0,2259000000.0,2638000000.0,1981000000.0,52000000.0,-1483000000.0
STX,2013-12-27,False,Q2,2014,10-Q,3528000000.0,444000000.0,428000000.0,1.27,1.24,0.43,8890000000.0,5289000000.0,2457000000.0,2293000000.0,2495000000.0,1538000000.0,177000000.0,-1132000000.0
STX,2013-09-27,False,Q1,2014,10-Q,3489000000.0,478000000.0,427000000.0,1.2,1.16,0.38,9345000000.0,5625000000.0,2514000000.0,1924000000.0,3689000000.0,682000000.0,-186000000.0,-282000000.0
STX,2013-06-28,False,FY,2013,10-K,14351000000.0,2091000000.0,1838000000.0,4.97,4.81,1.4,9243000000.0,5412000000.0,2611000000.0,1708000000.0,3506000000.0,3047000000.0,-825000000.0,-2222000000.0
STX,2013-03-29,False,Q3,2013,10-Q,3526000000.0,465000000.0,416000000.0,1.16,1.13,0.0,8743000000.0,4987000000.0,2601000000.0,1433000000.0,3312000000.0,2659000000.0,-681000000.0,-2253000000.0
STX,2012-12-28,False,Q2,2013,10-Q,3668000000.0,555000000.0,492000000.0,1.33,1.3,0.7,8742000000.0,5017000000.0,2643000000.0,1383000000.0,2925000000.0,1976000000.0,-453000000.0,-1849000000.0
STX,2012-12-28,False,Q2,2013,10-Q,3668000000.0,555000000.0,492000000.0,1.33,1.3,0.7,8742000000.0,5017000000.0,2643000000.0,1383000000.0,2925000000.0,1976000000.0,-453000000.0,-1849000000.0
STX,2012-09-28,False,Q1,2013,10-Q,3732000000.0,624000000.0,582000000.0,1.48,1.42,0.32,9522000000.0,5749000000.0,2753000000.0,1894000000.0,3535000000.0,1132000000.0,-265000000.0,-681000000.0
STX,2012-06-29,False,FY,2012,10-K,14939000000.0,3108000000.0,2862000000.0,6.72,6.49,0.86,10106000000.0,6310000000.0,3396000000.0,1707000000.0,3497000000.0,3262000000.0,-1114000000.0,-3118000000.0
STX,2012-03-30,False,Q3,2012,10-Q,4450000000.0,1210000000.0,1146000000.0,2.57,2.48,0.25,10064000000.0,6368000000.0,3154000000.0,1638000000.0,3674000000.0,1817000000.0,-965000000.0,-1891000000.0
STX,2016-07-01,False,FY,2016,10-K,11160000000.0,445000000.0,248000000.0,0.83,0.82,2.43,8252000000.0,3533000000.0,2249000000.0,1125000000.0,1593000000.0,1680000000.0,-1211000000.0,-1820000000.0
STX,2016-12-30,False,Q2,2017,10-Q,2894000000.0,370000000.0,297000000.0,1.0,1.0,0.63,8561000000.0,4140000000.0,2681000000.0,1716000000.0,1523000000.0,1247000000.0,-234000000.0,-413000000.0
STX,2016-09-30,False,Q1,2017,10-Q,2797000000.0,221000000.0,167000000.0,0.56,0.55,0.63,8495000000.0,3928000000.0,2608000000.0,1489000000.0,1524000000.0,592000000.0,-139000000.0,-89000000.0
STX,2016-04-01,False,Q3,2016,10-Q,2595000000.0,27000000.0,-21000000.0,-0.07,-0.07,0.63,8374000000.0,3600000000.0,2259000000.0,1193000000.0,1683000000.0,1411000000.0,-1065000000.0,-1632000000.0
STX,2016-01-01,False,Q2,2016,10-Q,2986000000.0,229000000.0,165000000.0,0.55,0.55,0.63,8796000000.0,3931000000.0,2539000000.0,1258000000.0,1821000000.0,1206000000.0,-980000000.0,-1444000000.0
STX,2017-06-30,False,FY,2017,10-K,10771000000.0,1054000000.0,772000000.0,2.61,2.58,2.52,9268000000.0,5041000000.0,2626000000.0,2539000000.0,1364000000.0,1916000000.0,-459000000.0,-46000000.0
STX,2017-03-31,False,Q3,2017,10-Q,2674000000.0,266000000.0,194000000.0,0.66,0.65,0.63,9739000000.0,5460000000.0,2789000000.0,3026000000.0,1608000000.0,1673000000.0,-337000000.0,571000000.0
