symbol,end_date,amend,period_focus,fiscal_year,doc_type,revenues,op_income,net_income,eps_basic,eps_diluted,dividend,assets,cur_assets,cur_liab,cash,equity,cash_flow_op,cash_flow_inv,cash_flow_fin
SWK,2010-07-03,False,Q2,2011,10-Q,2365600000.0,,45800000.0,0.28,0.28,0.33,13995600000.0,4872400000.0,3074700000.0,1598400000.0,6634500000.0,221000000.0,-30200000.0,-71600000.0
SWK,2010-10-02,False,Q3,2011,10-Q,2369100000.0,,123200000.0,0.74,0.73,0.34,14872700000.0,5102300000.0,3157100000.0,1635900000.0,6937600000.0,199100000.0,-478300000.0,266400000.0
SWK,2011-01-01,False,FY,2011,10-K,8409600000.0,,198200000.0,1.34,1.32,1.34,15139400000.0,4815600000.0,2742200000.0,1745400000.0,7069700000.0,739300000.0,269600000.0,313600000.0
SWK,2011-04-02,False,FY,2011,10-Q,2380700000.0,,158700000.0,0.95,0.92,0.41,15756000000.0,5174500000.0,2992100000.0,1883500000.0,7385800000.0,120400000.0,-137300000.0,126200000.0
SWK,2011-07-02,False,Q2,2011,10-Q,2623200000.0,390700000.0,196900000.0,1.17,1.14,0.41,16033500000.0,5339000000.0,3404700000.0,1915000000.0,7583800000.0,177300000.0,-211000000.0,38300000.0
SWK,2011-10-01,False,Q3,2011,10-Q,2636400000.0,385200000.0,154300000.0,0.94,0.92,0.41,16483000000.0,4737300000.0,3810300000.0,851900000.0,7101700000.0,157000000.0,-1052700000.0,-122700000.0
SWK,2011-12-31,False,FY,2011,10-K,10376400000.0,1486900000.0,673200000.0,4.06,3.97,1.64,15949000000.0,4322700000.0,3268500000.0,906900000.0,7066800000.0,998900000.0,-1464300000.0,-371800000.0
SWK,2012-03-31,False,Q1,2012,10-Q,2652900000.0,373400000.0,121800000.0,0.74,0.72,0.41,16350300000.0,4603300000.0,3437100000.0,883600000.0,7261600000.0,-32300000.0,-172300000.0,158900000.0
SWK,2012-06-30,False,Q2,2012,10-Q,2814200000.0,408900000.0,154800000.0,0.94,0.92,0.41,16350400000.0,4305800000.0,3771100000.0,577800000.0,6892200000.0,299200000.0,-573600000.0,5600000.0
SWK,2012-09-29,False,Q3,2012,10-Q,2786700000.0,415600000.0,115200000.0,0.71,0.69,0.49,17114200000.0,4753900000.0,4670300000.0,769500000.0,7263900000.0,151200000.0,-188300000.0,209000000.0
SWK,2012-12-29,False,FY,2012,10-K,10190500000.0,1436500000.0,882600000.0,5.41,5.3,1.8,15844000000.0,4098300000.0,3073400000.0,716000000.0,6727100000.0,966200000.0,182700000.0,-1337400000.0
SWK,2013-03-30,False,Q1,2013,10-Q,2487200000.0,310000000.0,81000000.0,0.52,0.51,0.49,16897500000.0,4425900000.0,4132600000.0,557500000.0,6659100000.0,-147500000.0,-941600000.0,962100000.0
SWK,2013-06-29,False,Q2,2013,10-Q,2869300000.0,378900000.0,187000000.0,1.21,1.18,0.49,16702900000.0,4256900000.0,3929900000.0,561700000.0,6724500000.0,184200000.0,-39000000.0,-120300000.0
SWK,2013-09-28,False,Q3,2013,10-Q,2759300000.0,374500000.0,166000000.0,1.07,1.04,0.5,17023700000.0,4431200000.0,3948800000.0,469100000.0,7018300000.0,99600000.0,-104600000.0,-106500000.0
SWK,2013-12-28,False,FY,2013,10-K,11001200000.0,1472200000.0,490100000.0,3.16,3.09,0.0,16535100000.0,3968700000.0,3221000000.0,496200000.0,6880500000.0,868000000.0,-1198400000.0,155500000.0
SWK,2014-03-29,False,Q1,2014,10-Q,2640800000.0,349100000.0,161900000.0,1.04,1.02,0.5,16832900000.0,4271200000.0,3455800000.0,432600000.0,6979300000.0,-152000000.0,-65700000.0,161200000.0
SWK,2014-06-28,False,Q1,2014,10-Q,2885500000.0,435500000.0,216500000.0,1.38,1.36,0.5,16958800000.0,4400600000.0,3387000000.0,515700000.0,7137300000.0,437200000.0,-96100000.0,-268300000.0
SWK,2014-09-27,False,Q3,2014,10-Q,2902200000.0,439800000.0,236700000.0,1.51,1.47,0.52,16733800000.0,4452100000.0,3387300000.0,486800000.0,7044000000.0,249100000.0,-98600000.0,-113100000.0
SWK,2015-01-03,False,FY,2014,10-K,11338600000.0,1684200000.0,760900000.0,4.87,4.76,2.04,15849100000.0,3948800000.0,2832000000.0,496600000.0,6511900000.0,1295900000.0,-382200000.0,-766200000.0
SWK,2015-04-04,False,Q1,2015,10-Q,2630000000.0,386300000.0,162300000.0,1.07,1.04,0.52,15943700000.0,4324700000.0,3446800000.0,435500000.0,5697200000.0,-197500000.0,-24600000.0,206600000.0
SWK,2015-07-04,False,Q2,2015,10-Q,2866900000.0,451100000.0,227200000.0,1.53,1.49,0.52,15998800000.0,4344800000.0,3385000000.0,391900000.0,5866500000.0,312600000.0,-29900000.0,-329800000.0
SWK,2015-10-03,False,Q3,2015,10-Q,2829500000.0,454000000.0,228700000.0,1.57,1.52,0.55,15870900000.0,4273300000.0,3422300000.0,293300000.0,5720600000.0,239000000.0,-48700000.0,-250200000.0
SWK,2016-01-02,False,FY,2015,10-K,11171800000.0,1749600000.0,883700000.0,5.96,5.79,2.14,15172300000.0,3662100000.0,2802600000.0,465400000.0,5859200000.0,1182300000.0,-205000000.0,-875600000.0
SWK,2016-04-02,False,Q1,2016,10-Q,2672100000.0,398200000.0,189400000.0,1.3,1.28,0.55,15607400000.0,4016800000.0,3696600000.0,352200000.0,5715200000.0,-93100000.0,-81700000.0,44500000.0
SWK,2016-07-02,False,Q2,2016,10-Q,2932400000.0,509000000.0,271500000.0,1.87,1.84,0.55,15740800000.0,4293200000.0,3709900000.0,568200000.0,5850100000.0,496400000.0,-82000000.0,-165900000.0
SWK,2016-10-01,False,Q3,2016,10-Q,2882000000.0,481800000.0,248900000.0,1.71,1.68,0.58,15720700000.0,4262100000.0,3463000000.0,420800000.0,6081200000.0,246700000.0,-61300000.0,-325400000.0
SWK,2016-12-31,False,FY,2016,10-K,11406900000.0,1840500000.0,965300000.0,6.61,6.51,2.26,15634900000.0,4788500000.0,2807500000.0,1131800000.0,6373600000.0,1485200000.0,-284000000.0,-433100000.0
SWK,2017-04-01,False,Q1,2016,10-Q,2805600000.0,424500000.0,393100000.0,2.63,2.59,0.58,18662100000.0,4368300000.0,4214400000.0,378000000.0,6818100000.0,-145600000.0,-1719100000.0,1072800000.0
SWK,2017-07-01,False,Q2,2016,10-Q,3229500000.0,522600000.0,277200000.0,1.85,1.82,0.58,19312300000.0,4839100000.0,3866900000.0,539500000.0,7706400000.0,256500000.0,-151100000.0,35000000.0
SWK,2017-09-30,False,Q3,2016,10-Q,3298600000.0,544400000.0,274200000.0,1.83,1.8,0.63,19773200000.0,5028700000.0,4002200000.0,483300000.0,8018800000.0,356900000.0,-273500000.0,-161900000.0
