symbol,end_date,amend,period_focus,fiscal_year,doc_type,revenues,op_income,net_income,eps_basic,eps_diluted,dividend,assets,cur_assets,cur_liab,cash,equity,cash_flow_op,cash_flow_inv,cash_flow_fin
SWKS,2010-04-02,False,Q2,2010,10-Q,238058000.0,38312000.0,27744000.0,0.16,0.15,0.0,1403469000.0,644018000.0,170213000.0,405410000.0,1183046000.0,113177000.0,-35260000.0,-36728000.0
SWKS,2010-07-02,False,Q3,2010,10-Q,275370000.0,53472000.0,34736000.0,0.2,0.19,0.0,1448232000.0,683658000.0,191119000.0,383824000.0,1220706000.0,149677000.0,-65609000.0,-64465000.0
SWKS,2010-10-01,False,FY,2010,10-K,1071849000.0,199744000.0,137294000.0,0.78,0.75,0.0,1564052000.0,789865000.0,204324000.0,453257000.0,1316596000.0,222962000.0,-95329000.0,-38597000.0
SWKS,2010-12-31,False,Q1,2011,10-Q,335120000.0,77342000.0,60868000.0,0.34,0.32,0.0,1614076000.0,820603000.0,157066000.0,450054000.0,1411407000.0,64822000.0,-36970000.0,-31055000.0
SWKS,2011-04-01,False,Q2,2011,10-Q,325411000.0,68060000.0,49960000.0,0.27,0.26,0.0,1678797000.0,872444000.0,176444000.0,503801000.0,1476392000.0,157045000.0,-69736000.0,-36765000.0
SWKS,2011-07-01,False,Q3,2011,10-Q,356075000.0,72226000.0,51548000.0,0.28,0.27,0.0,1805599000.0,712133000.0,244349000.0,309645000.0,1532174000.0,243019000.0,-335200000.0,-51431000.0
SWKS,2011-09-30,False,FY,2011,10-K,1418922000.0,295324000.0,226585000.0,1.24,1.19,0.0,1890389000.0,816334000.0,247096000.0,410087000.0,1609095000.0,365818000.0,-349944000.0,-59044000.0
SWKS,2011-12-30,False,Q1,2012,10-Q,393740000.0,74968000.0,57126000.0,0.31,0.3,0.0,1914633000.0,856342000.0,212502000.0,445636000.0,1663665000.0,77232000.0,-6424000.0,-35259000.0
SWKS,2012-03-30,False,Q2,2012,10-Q,364690000.0,43814000.0,34033000.0,0.18,0.18,0.0,2007326000.0,752332000.0,242642000.0,306474000.0,1720244000.0,194188000.0,-240925000.0,-56876000.0
SWKS,2012-06-29,False,Q3,2012,10-Q,389038000.0,62044000.0,49317000.0,0.26,0.26,0.0,2089893000.0,829490000.0,239571000.0,327098000.0,1801665000.0,234885000.0,-272066000.0,-45808000.0
SWKS,2012-09-28,False,FY,2012,10-K,1568581000.0,255634000.0,202078000.0,1.09,1.05,0.0,2136646000.0,883363000.0,182704000.0,306293000.0,1905475000.0,285239000.0,-302857000.0,-86176000.0
SWKS,2012-12-28,False,Q1,2013,10-Q,453723000.0,86583000.0,66493000.0,0.35,0.34,0.0,2151107000.0,899553000.0,155688000.0,377538000.0,1943969000.0,147680000.0,-25616000.0,-50819000.0
SWKS,2013-03-29,False,Q2,2013,10-Q,425200000.0,68700000.0,61700000.0,0.33,0.32,0.0,2216900000.0,963700000.0,162600000.0,458800000.0,2000000000.0,277900000.0,-51200000.0,-75000000.0
SWKS,2013-06-28,False,Q3,2013,10-Q,436100000.0,84300000.0,65700000.0,0.35,0.34,0.0,2217900000.0,959600000.0,159000000.0,400300000.0,2000100000.0,342200000.0,-84600000.0,-164400000.0
SWKS,2013-09-27,False,FY,2013,10-K,1792000000.0,345100000.0,278100000.0,1.48,1.45,0.0,2333100000.0,1073300000.0,179700000.0,511100000.0,2101100000.0,499700000.0,-123000000.0,-172700000.0
SWKS,2013-12-27,False,Q1,2014,10-Q,505200000.0,116000000.0,94500000.0,0.51,0.49,0.0,2435400000.0,1180100000.0,165800000.0,648600000.0,2212200000.0,158800000.0,-16300000.0,-5000000.0
SWKS,2014-03-28,False,Q2,2014,10-Q,481000000.0,102600000.0,76900000.0,0.41,0.4,0.0,2534600000.0,1268900000.0,182800000.0,797800000.0,2291400000.0,373000000.0,-58200000.0,-28100000.0
SWKS,2014-06-27,False,Q3,2014,10-Q,587000000.0,148500000.0,111400000.0,0.59,0.58,0.11,2688900000.0,1387300000.0,234800000.0,893300000.0,2389000000.0,572000000.0,-125700000.0,-64100000.0
SWKS,2014-10-03,False,FY,2014,10-K,2291500000.0,565200000.0,457700000.0,2.44,2.38,0.22,2973800000.0,1429200000.0,297600000.0,805800000.0,2532400000.0,772400000.0,-357100000.0,-120600000.0
SWKS,2015-01-02,False,Q1,2015,10-Q,805500000.0,246800000.0,195200000.0,1.03,1.01,0.13,3191000000.0,1590400000.0,332900000.0,1049900000.0,2710100000.0,383200000.0,-87200000.0,-51900000.0
SWKS,2015-04-03,False,Q2,2015,10-Q,762100000.0,219900000.0,166500000.0,0.88,0.85,0.13,3313200000.0,1678900000.0,298600000.0,1054200000.0,2863500000.0,538200000.0,-189300000.0,-100500000.0
SWKS,2015-07-03,False,Q3,2015,10-Q,810000000.0,258800000.0,207400000.0,1.09,1.06,0.13,3518300000.0,1818100000.0,319000000.0,1106000000.0,3042000000.0,760100000.0,-303500000.0,-156400000.0
SWKS,2015-10-02,False,FY,2015,10-K,3258400000.0,1023100000.0,798300000.0,4.21,4.1,0.65,3719400000.0,1914700000.0,463900000.0,1043600000.0,3159200000.0,992800000.0,-454700000.0,-300300000.0
SWKS,2016-01-01,False,Q1,2016,10-Q,926800000.0,330500000.0,355300000.0,1.87,1.82,0.26,3930500000.0,2114700000.0,367900000.0,1233200000.0,3482600000.0,345300000.0,-79500000.0,-76200000.0
SWKS,2016-04-01,False,Q2,2016,10-Q,775100000.0,257700000.0,208100000.0,1.09,1.08,0.26,3958200000.0,2127000000.0,324700000.0,1177500000.0,3543300000.0,499800000.0,-116900000.0,-249000000.0
SWKS,2016-07-01,False,Q3,2016,10-Q,751700000.0,238600000.0,185000000.0,0.98,0.97,0.26,3955700000.0,2078100000.0,347000000.0,973700000.0,3514300000.0,640700000.0,-229100000.0,-481500000.0
SWKS,2016-09-30,False,FY,2016,10-K,3289000000.0,1118700000.0,995200000.0,5.27,5.18,1.06,3855400000.0,2002100000.0,210200000.0,1083800000.0,3541400000.0,1095700000.0,-250900000.0,-804600000.0
SWKS,2016-12-30,False,Q1,2017,10-Q,914300000.0,321900000.0,257800000.0,1.39,1.38,0.28,4065700000.0,2198500000.0,303400000.0,1350500000.0,3660300000.0,495900000.0,-60600000.0,-168600000.0
SWKS,2017-03-31,False,Q2,2017,10-Q,851700000.0,281200000.0,224900000.0,1.22,1.2,0.28,4166800000.0,2308100000.0,266900000.0,1406900000.0,3791800000.0,731800000.0,-115500000.0,-293200000.0
SWKS,2017-06-30,False,Q3,2017,10-Q,900800000.0,304800000.0,246200000.0,1.34,1.32,0.28,4310200000.0,2412000000.0,300800000.0,1444000000.0,3897800000.0,1045900000.0,-228500000.0,-457200000.0
SWKS,2017-09-29,False,FY,2017,10-K,3651400000.0,1253800000.0,1010200000.0,5.48,5.41,1.16,4573600000.0,2633700000.0,387900000.0,1616800000.0,4065700000.0,1471300000.0,-325900000.0,-612400000.0
