symbol,end_date,amend,period_focus,fiscal_year,doc_type,revenues,op_income,net_income,eps_basic,eps_diluted,dividend,assets,cur_assets,cur_liab,cash,equity,cash_flow_op,cash_flow_inv,cash_flow_fin
SYK,2009-06-30,False,Q2,2009,10-Q,1634300000.0,389800000.0,291300000.0,0.73,0.73,0.0,7923500000.0,5240300000.0,1075100000.0,666300000.0,6057500000.0,182400000.0,-192600000.0,-26600000.0
SYK,2009-09-30,False,Q3,2009,10-Q,1653300000.0,311400000.0,229000000.0,0.58,0.57,0.0,8459200000.0,5761800000.0,1198000000.0,960300000.0,6440900000.0,465800000.0,-180300000.0,-19000000.0
SYK,2009-12-31,False,FY,2009,10-K,6723100000.0,1594400000.0,1107400000.0,2.79,2.77,0.25,9071300000.0,5851200000.0,1441000000.0,658700000.0,6595100000.0,1460700000.0,-1328400000.0,-193300000.0
SYK,2010-03-31,False,Q1,2010,10-Q,1799100000.0,446400000.0,321700000.0,0.81,0.8,0.15,10098400000.0,6875400000.0,1404800000.0,1202500000.0,6670800000.0,274800000.0,-605400000.0,898000000.0
SYK,2010-06-30,False,Q2,2010,10-Q,1758200000.0,448100000.0,319000000.0,0.8,0.8,0.0,10060100000.0,6899800000.0,1295100000.0,785200000.0,6745500000.0,326700000.0,-696600000.0,-15100000.0
SYK,2010-09-30,False,Q3,2010,10-Q,1767600000.0,470500000.0,337700000.0,0.85,0.85,0.15,10771900000.0,7543700000.0,1406000000.0,925600000.0,7306000000.0,428300000.0,-195600000.0,-123800000.0
SYK,2010-12-31,False,FY,2010,10-K,7320000000.0,1751400000.0,1273400000.0,3.21,3.19,0.63,10895100000.0,7631400000.0,1605000000.0,1757600000.0,7173600000.0,1547400000.0,-795500000.0,410100000.0
SYK,2011-03-31,False,Q1,2011,10-Q,2015200000.0,423500000.0,307400000.0,0.79,0.78,0.18,11231000000.0,6501200000.0,1586800000.0,735100000.0,7452400000.0,204500000.0,-878000000.0,-388900000.0
SYK,2011-06-30,False,Q2,2011,10-Q,2045500000.0,400300000.0,309100000.0,0.8,0.79,0.0,11596400000.0,6502700000.0,1603500000.0,497100000.0,7778000000.0,156200000.0,-379500000.0,-21100000.0
SYK,2011-09-30,False,Q3,2011,10-Q,2031000000.0,444000000.0,327000000.0,0.85,0.84,0.18,12083000000.0,6931000000.0,1562000000.0,810000000.0,7557000000.0,446000000.0,-497000000.0,388000000.0
SYK,2011-12-31,False,FY,2011,10-K,8307000000.0,1686000000.0,1345000000.0,3.48,3.45,0.7525,12405000000.0,7211000000.0,1828000000.0,905000000.0,7683000000.0,1434000000.0,-2135000000.0,-161000000.0
SYK,2012-03-31,False,Q1,2012,10-Q,2161000000.0,476000000.0,350000000.0,0.92,0.91,0.2125,12459000000.0,7229000000.0,1549000000.0,690000000.0,8022000000.0,35000000.0,-123000000.0,-128000000.0
SYK,2012-06-30,False,Q2,2012,10-Q,2106000000.0,445000000.0,325000000.0,0.85,0.85,0.2125,12262000000.0,7198000000.0,1489000000.0,1393000000.0,7952000000.0,457000000.0,384000000.0,-148000000.0
SYK,2012-09-30,False,Q3,2012,10-Q,2052000000.0,450000000.0,353000000.0,0.93,0.92,0.2125,12777000000.0,7640000000.0,1576000000.0,1423000000.0,8361000000.0,569000000.0,-428000000.0,-110000000.0
SYK,2012-12-31,False,FY,2012,10-K,8657000000.0,1741000000.0,1298000000.0,3.41,3.39,0.9025,13206000000.0,8148000000.0,1876000000.0,1395000000.0,8597000000.0,1657000000.0,-736000000.0,-449000000.0
SYK,2013-03-31,False,Q1,2013,10-Q,2190000000.0,386000000.0,304000000.0,0.8,0.79,0.265,14089000000.0,8421000000.0,1808000000.0,1913000000.0,8456000000.0,236000000.0,-360000000.0,651000000.0
SYK,2013-06-30,False,Q2,2013,10-Q,2212000000.0,290000000.0,213000000.0,0.56,0.56,0.265,14382000000.0,8689000000.0,1971000000.0,971000000.0,8603000000.0,356000000.0,-1198000000.0,-93000000.0
SYK,2013-09-30,False,Q3,2013,10-Q,2151000000.0,150000000.0,103000000.0,0.27,0.27,0.265,14883000000.0,9187000000.0,2324000000.0,1110000000.0,8737000000.0,622000000.0,-368000000.0,-105000000.0
SYK,2013-12-31,False,FY,2013,10-K,9021000000.0,1256000000.0,1006000000.0,2.66,2.63,1.1,15743000000.0,8335000000.0,2657000000.0,1339000000.0,9047000000.0,1886000000.0,-2217000000.0,300000000.0
SYK,2014-03-31,False,Q1,2014,10-Q,2305000000.0,131000000.0,70000000.0,0.19,0.18,0.305,16159000000.0,8446000000.0,3558000000.0,1381000000.0,9063000000.0,206000000.0,-351000000.0,186000000.0
SYK,2014-06-30,False,Q2,2014,10-Q,2363000000.0,197000000.0,128000000.0,0.34,0.33,0.305,17229000000.0,9381000000.0,3713000000.0,1319000000.0,9002000000.0,366000000.0,-1015000000.0,588000000.0
SYK,2014-09-30,False,Q3,2014,10-Q,2389000000.0,450000000.0,57000000.0,0.16,0.16,0.305,17515000000.0,9326000000.0,4211000000.0,1356000000.0,8624000000.0,535000000.0,-424000000.0,-67000000.0
SYK,2014-12-31,False,FY,2014,10-K,9675000000.0,1246000000.0,515000000.0,1.36,1.34,1.26,17713000000.0,9673000000.0,4464000000.0,1795000000.0,8595000000.0,1782000000.0,-1878000000.0,629000000.0
SYK,2015-03-31,False,Q1,2015,10-Q,2379000000.0,406000000.0,224000000.0,0.59,0.58,0.345,16580000000.0,8727000000.0,3695000000.0,1674000000.0,8321000000.0,380000000.0,326000000.0,-734000000.0
SYK,2015-06-30,False,Q2,2015,10-Q,2432000000.0,429000000.0,392000000.0,1.04,1.03,0.345,16819000000.0,8936000000.0,3723000000.0,3626000000.0,8505000000.0,737000000.0,2226000000.0,-1051000000.0
SYK,2015-09-30,False,Q3,2015,10-Q,2420000000.0,378000000.0,301000000.0,0.8,0.79,0.345,15917000000.0,8033000000.0,3553000000.0,3163000000.0,8484000000.0,228000000.0,2541000000.0,-1302000000.0
SYK,2015-12-31,False,FY,2015,10-K,9946000000.0,1861000000.0,1439000000.0,3.82,3.78,1.415,16247000000.0,7944000000.0,3503000000.0,3379000000.0,8511000000.0,899000000.0,1956000000.0,-1141000000.0
SYK,2016-03-31,False,Q1,2016,10-Q,2495000000.0,519000000.0,402000000.0,1.08,1.07,0.38,19668000000.0,11325000000.0,3186000000.0,6976000000.0,8808000000.0,203000000.0,57000000.0,3318000000.0
SYK,2016-06-30,False,Q2,2016,10-Q,2840000000.0,500000000.0,380000000.0,1.02,1.0,0.38,20520000000.0,7824000000.0,3605000000.0,3490000000.0,9098000000.0,671000000.0,-3912000000.0,3342000000.0
SYK,2016-09-30,False,Q3,2016,10-Q,2833000000.0,486000000.0,355000000.0,0.95,0.94,1.14,20187000000.0,7366000000.0,3026000000.0,2953000000.0,9332000000.0,1164000000.0,-4014000000.0,2403000000.0
SYK,2016-12-31,False,FY,2016,10-K,11325000000.0,2166000000.0,1647000000.0,4.4,4.35,1.565,20435000000.0,7861000000.0,3148000000.0,3316000000.0,9550000000.0,1812000000.0,-4191000000.0,2361000000.0
SYK,2017-03-31,False,Q1,2017,10-Q,2955000000.0,554000000.0,444000000.0,1.19,1.17,0.425,20517000000.0,7889000000.0,2554000000.0,3213000000.0,9704000000.0,151000000.0,-146000000.0,-137000000.0
SYK,2017-06-30,False,Q2,2017,10-Q,3012000000.0,501000000.0,391000000.0,1.04,1.03,0.0,21292000000.0,8478000000.0,3552000000.0,3649000000.0,10035000000.0,801000000.0,-338000000.0,-177000000.0
SYK,2017-09-30,False,Q3,2017,10-Q,3006000000.0,523000000.0,434000000.0,1.16,1.14,0.0,21485000000.0,7710000000.0,3258000000.0,2592000000.0,10425000000.0,880000000.0,-1153000000.0,-522000000.0
