symbol,end_date,amend,period_focus,fiscal_year,doc_type,revenues,op_income,net_income,eps_basic,eps_diluted,dividend,assets,cur_assets,cur_liab,cash,equity,cash_flow_op,cash_flow_inv,cash_flow_fin
SYMC,2009-07-03,False,Q1,2010,10-Q,1432000000.0,152000000.0,73000000.0,0.09,0.09,0.0,10529000000.0,3306000000.0,3392000000.0,2192000000.0,4112000000.0,371000000.0,116000000.0,-128000000.0
SYMC,2009-10-02,False,Q2,2010,10-Q,1474000000.0,257000000.0,150000000.0,0.18,0.18,0.0,10611000000.0,3493000000.0,3373000000.0,2314000000.0,4201000000.0,597000000.0,69000000.0,-205000000.0
SYMC,2010-01-01,False,Q3,2010,10-Q,1548000000.0,277000000.0,300000000.0,0.37,0.37,0.0,10949000000.0,3944000000.0,3600000000.0,2593000000.0,4420000000.0,990000000.0,52000000.0,-304000000.0
SYMC,2010-04-02,False,FY,2010,10-K,5985000000.0,933000000.0,714000000.0,0.88,0.87,0.0,11232000000.0,4351000000.0,3771000000.0,3029000000.0,4548000000.0,1693000000.0,-65000000.0,-441000000.0
SYMC,2010-07-02,False,Q1,2011,10-Q,1433000000.0,194000000.0,161000000.0,0.2,0.2,0.0,10866000000.0,3755000000.0,4530000000.0,2726000000.0,4538000000.0,335000000.0,-418000000.0,-207000000.0
SYMC,2010-10-01,False,Q2,2011,10-Q,1480000000.0,218000000.0,136000000.0,0.17,0.17,0.0,11819000000.0,3443000000.0,4234000000.0,2256000000.0,4589000000.0,645000000.0,-1647000000.0,192000000.0
SYMC,2010-12-31,False,Q3,2011,10-Q,1604000000.0,229000000.0,132000000.0,0.17,0.17,0.0,12163000000.0,3893000000.0,4584000000.0,2445000000.0,4541000000.0,1105000000.0,-1678000000.0,-51000000.0
SYMC,2011-04-01,False,FY,2011,10-K,6190000000.0,880000000.0,597000000.0,0.77,0.76,0.0,12719000000.0,4486000000.0,4893000000.0,2950000000.0,4605000000.0,1794000000.0,-1760000000.0,-184000000.0
SYMC,2011-07-01,False,Q1,2012,10-Q,1653000000.0,302000000.0,191000000.0,0.25,0.25,0.0,12023000000.0,3484000000.0,4051000000.0,2290000000.0,4644000000.0,503000000.0,-415000000.0,-778000000.0
SYMC,2011-09-30,False,Q2,2012,10-Q,1681000000.0,285000000.0,182000000.0,0.24,0.24,0.0,11835000000.0,3433000000.0,3895000000.0,2215000000.0,4638000000.0,811000000.0,-520000000.0,-1007000000.0
SYMC,2011-12-30,False,Q3,2012,10-Q,1715000000.0,300000000.0,240000000.0,0.33,0.32,0.0,12183000000.0,3886000000.0,4169000000.0,2327000000.0,4735000000.0,1214000000.0,-611000000.0,-1216000000.0
SYMC,2012-03-30,False,FY,2012,10-K,6730000000.0,1079000000.0,1172000000.0,1.58,1.57,0.0,13020000000.0,4633000000.0,4505000000.0,3162000000.0,5172000000.0,1901000000.0,-318000000.0,-1386000000.0
SYMC,2012-06-29,False,Q1,2013,10-Q,1668000000.0,269000000.0,172000000.0,0.24,0.24,0.0,13556000000.0,5219000000.0,5114000000.0,4082000000.0,5082000000.0,340000000.0,-83000000.0,685000000.0
SYMC,2012-09-28,False,Q2,2013,10-Q,1699000000.0,305000000.0,193000000.0,0.27,0.27,0.0,13463000000.0,5206000000.0,5008000000.0,4002000000.0,5103000000.0,518000000.0,-148000000.0,461000000.0
SYMC,2012-12-28,False,Q3,2013,10-Q,1791000000.0,298000000.0,212000000.0,0.31,0.3,0.0,13962000000.0,5816000000.0,5482000000.0,4200000000.0,5156000000.0,981000000.0,-224000000.0,284000000.0
SYMC,2013-03-29,False,FY,2013,10-K,6906000000.0,1123000000.0,765000000.0,1.09,1.08,0.0,14379000000.0,6315000000.0,5562000000.0,4685000000.0,5421000000.0,1593000000.0,-319000000.0,308000000.0
SYMC,2013-06-28,False,Q1,2014,10-Q,1709000000.0,224000000.0,157000000.0,0.23,0.22,0.15,13151000000.0,5179000000.0,4205000000.0,3749000000.0,5497000000.0,312000000.0,-29000000.0,-1192000000.0
SYMC,2013-09-27,False,Q2,2014,10-Q,1637000000.0,248000000.0,241000000.0,0.34,0.34,0.15,12914000000.0,4970000000.0,3907000000.0,3727000000.0,5657000000.0,503000000.0,-170000000.0,-1317000000.0
SYMC,2013-12-27,False,Q3,2014,10-Q,1705000000.0,405000000.0,283000000.0,0.41,0.4,0.15,13258000000.0,5316000000.0,4149000000.0,3813000000.0,5758000000.0,832000000.0,-208000000.0,-1525000000.0
SYMC,2014-03-28,False,FY,2014,10-K,6676000000.0,1183000000.0,898000000.0,1.29,1.28,0.6,13539000000.0,5652000000.0,4306000000.0,3707000000.0,5797000000.0,1281000000.0,-583000000.0,-1712000000.0
SYMC,2014-07-04,False,Q1,2015,10-Q,1735000000.0,322000000.0,236000000.0,0.34,0.34,0.15,13164000000.0,5288000000.0,3979000000.0,3067000000.0,5838000000.0,293000000.0,-724000000.0,-216000000.0
SYMC,2014-10-03,False,Q2,2015,10-Q,1617000000.0,348000000.0,244000000.0,0.35,0.35,0.15,12883000000.0,5038000000.0,4045000000.0,2972000000.0,5897000000.0,466000000.0,-722000000.0,-404000000.0
SYMC,2015-01-02,False,Q3,2015,10-Q,1638000000.0,327000000.0,222000000.0,0.32,0.32,0.15,13102000000.0,5255000000.0,4233000000.0,2764000000.0,5910000000.0,824000000.0,-1003000000.0,-622000000.0
SYMC,2015-04-03,False,FY,2015,10-K,6508000000.0,1149000000.0,878000000.0,1.27,1.26,0.6,13233000000.0,5422000000.0,4453000000.0,2874000000.0,5935000000.0,1312000000.0,-1154000000.0,-811000000.0
SYMC,2015-07-03,False,Q1,2016,10-Q,1499000000.0,201000000.0,117000000.0,0.17,0.17,0.15,12784000000.0,5022000000.0,4064000000.0,2981000000.0,5896000000.0,300000000.0,37000000.0,-238000000.0
SYMC,2015-10-02,False,Q2,2016,10-Q,1498000000.0,203000000.0,156000000.0,0.23,0.23,0.15,12460000000.0,4664000000.0,3729000000.0,3097000000.0,5892000000.0,434000000.0,615000000.0,-814000000.0
SYMC,2016-01-01,False,Q3,2016,10-Q,909000000.0,146000000.0,170000000.0,0.26,0.25,0.15,11936000000.0,7173000000.0,3827000000.0,2213000000.0,5394000000.0,546000000.0,674000000.0,-1531000000.0
SYMC,2016-04-01,False,FY,2016,10-K,3600000000.0,457000000.0,2488000000.0,3.71,3.71,4.6,11767000000.0,6959000000.0,4033000000.0,5983000000.0,3676000000.0,796000000.0,7173000000.0,-4764000000.0
SYMC,2016-07-01,False,Q1,2017,10-Q,884000000.0,106000000.0,135000000.0,0.22,0.22,0.075,11530000000.0,6799000000.0,3322000000.0,6108000000.0,3766000000.0,-772000000.0,15000000.0,898000000.0
SYMC,2016-09-30,False,Q2,2017,10-Q,979000000.0,-12000000.0,-144000000.0,-0.23,-0.23,0.075,16864000000.0,6469000000.0,3509000000.0,5610000000.0,3862000000.0,-717000000.0,-4534000000.0,4892000000.0
SYMC,2016-12-30,False,Q3,2017,10-Q,1041000000.0,-16000000.0,46000000.0,0.07,0.07,0.075,16760000000.0,6511000000.0,3605000000.0,5575000000.0,3949000000.0,-573000000.0,-4550000000.0,4780000000.0
SYMC,2017-03-31,False,FY,2017,10-K,4019000000.0,-100000000.0,-106000000.0,-0.17,-0.17,0.3,18174000000.0,5324000000.0,4622000000.0,4247000000.0,3487000000.0,-220000000.0,-6766000000.0,5291000000.0
SYMC,2017-06-30,False,Q1,2018,10-Q,1175000000.0,-44000000.0,-133000000.0,-0.22,-0.22,0.075,15868000000.0,3173000000.0,3121000000.0,2306000000.0,3389000000.0,213000000.0,-54000000.0,-2126000000.0
SYMC,2017-09-29,False,Q2,2018,10-Q,1240000000.0,-9000000.0,-12000000.0,-0.03,-0.02,0.075,15996000000.0,3687000000.0,3287000000.0,1826000000.0,3535000000.0,390000000.0,-634000000.0,-2201000000.0
