symbol,end_date,amend,period_focus,fiscal_year,doc_type,revenues,op_income,net_income,eps_basic,eps_diluted,dividend,assets,cur_assets,cur_liab,cash,equity,cash_flow_op,cash_flow_inv,cash_flow_fin
SYY,2009-09-26,False,Q1,2010,10-Q,9081426000.0,497328000.0,326205000.0,0.55,0.55,0.24,10429705000.0,5361815000.0,3082259000.0,851036000.0,3714358000.0,46474000.0,-171507000.0,-119533000.0
SYY,2009-12-26,False,Q2,2010,10-Q,8868499000.0,462351000.0,268349000.0,0.45,0.45,0.25,10276966000.0,5089511000.0,2783743000.0,647606000.0,3930287000.0,143999000.0,-349301000.0,-247398000.0
SYY,2010-03-27,False,Q3,2010,10-Q,8945093000.0,432103000.0,247648000.0,0.42,0.42,0.25,10468227000.0,5131795000.0,2917232000.0,652792000.0,4028038000.0,465947000.0,-496463000.0,-421134000.0
SYY,2010-07-03,False,FY,2010,10-K,37243495000.0,1975868000.0,1179983000.0,1.99,1.99,0.99,10313701000.0,5076258000.0,3009198000.0,585443000.0,3827526000.0,885428000.0,-656320000.0,-667030000.0
SYY,2010-10-02,False,Q1,2011,10-Q,9751274000.0,506240000.0,299069000.0,0.51,0.51,0.25,10655410000.0,5289411000.0,3146021000.0,448374000.0,3980995000.0,226782000.0,-147430000.0,-224103000.0
SYY,2011-01-01,False,Q2,2011,10-Q,9384852000.0,437025000.0,258173000.0,0.44,0.44,0.26,10328283000.0,4866882000.0,2721534000.0,209755000.0,3994491000.0,282647000.0,-326759000.0,-342580000.0
SYY,2011-04-02,False,Q3,2011,10-Q,9761660000.0,427487000.0,258478000.0,0.44,0.44,0.26,10949934000.0,5438557000.0,3136450000.0,385668000.0,4207205000.0,665759000.0,-435541000.0,-449075000.0
SYY,2011-07-02,False,FY,2011,10-K,39323489000.0,1931502000.0,1152030000.0,1.96,1.96,1.03,11385555000.0,5732882000.0,3575075000.0,639765000.0,4705242000.0,1091518000.0,-679556000.0,-377907000.0
SYY,2011-10-01,False,Q1,2012,10-Q,10586390000.0,509340000.0,302653000.0,0.51,0.51,0.26,11446863000.0,5696234000.0,3578690000.0,284101000.0,4654255000.0,255343000.0,-273830000.0,-325746000.0
SYY,2011-12-31,False,Q2,2012,10-Q,10244421000.0,426998000.0,250113000.0,0.43,0.43,0.27,11454027000.0,5648050000.0,3263770000.0,336531000.0,4687615000.0,538515000.0,-487823000.0,-341354000.0
SYY,2012-03-31,False,Q3,2012,10-Q,10504746000.0,438830000.0,259550000.0,0.44,0.44,0.27,11892113000.0,5924942000.0,3703752000.0,350464000.0,4878015000.0,908289000.0,-740469000.0,-447592000.0
SYY,2012-06-30,False,FY,2012,10-K,42380939000.0,1890632000.0,1121585000.0,1.91,1.9,1.07,12094972000.0,6084808000.0,3423579000.0,688867000.0,4685040000.0,1404180000.0,-903629000.0,-442649000.0
SYY,2012-09-29,False,Q1,2013,10-Q,11086916000.0,478782000.0,286598000.0,0.49,0.49,0.27,12487833000.0,6333650000.0,3602874000.0,548415000.0,4894181000.0,213201000.0,-232446000.0,-124469000.0
SYY,2012-12-29,False,Q2,2013,10-Q,10796890000.0,382651000.0,221369000.0,0.38,0.38,0.28,12428067000.0,6159785000.0,3487417000.0,320805000.0,4901573000.0,386785000.0,-470603000.0,-287428000.0
SYY,2013-03-30,False,Q3,2013,10-Q,10926371000.0,337202000.0,201417000.0,0.34,0.34,0.28,12657210000.0,6375582000.0,3656904000.0,331520000.0,5152361000.0,759408000.0,-589011000.0,-530260000.0
SYY,2013-06-29,False,FY,2013,10-K,44411233000.0,1658478000.0,992427000.0,1.68,1.67,1.11,12663947000.0,6207427000.0,3749282000.0,412285000.0,5191810000.0,1511594000.0,-911882000.0,-874208000.0
SYY,2013-09-28,False,Q1,2014,10-Q,11714267000.0,478198000.0,285590000.0,0.49,0.48,0.28,13025395000.0,6534262000.0,3883694000.0,359532000.0,5199142000.0,169229000.0,-139026000.0,-85483000.0
SYY,2013-12-28,False,Q2,2014,10-Q,11237969000.0,351777000.0,210835000.0,0.36,0.36,0.29,13013025000.0,6520856000.0,3749250000.0,449863000.0,5303790000.0,458164000.0,-281926000.0,-139391000.0
SYY,2014-03-29,False,Q3,2014,10-Q,11277484000.0,332625000.0,180937000.0,0.31,0.31,0.29,13138264000.0,6639475000.0,3944016000.0,341090000.0,5231375000.0,848064000.0,-416760000.0,-502130000.0
SYY,2014-06-28,False,FY,2014,10-K,46516712000.0,1587122000.0,931533000.0,1.59,1.58,1.15,13167950000.0,6681972000.0,4367630000.0,413046000.0,5266695000.0,1492815000.0,-576838000.0,-915858000.0
SYY,2014-09-27,False,Q1,2015,10-Q,12445081000.0,465613000.0,278813000.0,0.47,0.47,0.29,13617913000.0,7108403000.0,4536489000.0,384898000.0,5321416000.0,62618000.0,-169794000.0,84534000.0
SYY,2015-03-28,False,Q3,2015,10-Q,11746659000.0,327308000.0,176955000.0,0.3,0.3,0.3,17983591000.0,11521307000.0,4340048000.0,5084704000.0,5312883000.0,860499000.0,-471855000.0,4360463000.0
SYY,2015-06-27,False,FY,2015,10-K,48680752000.0,1229362000.0,686773000.0,1.16,1.15,1.19,17989281000.0,11494304000.0,9399615000.0,5130044000.0,5260224000.0,1555484000.0,-654346000.0,3897562000.0
SYY,2015-09-26,False,Q1,2016,10-Q,12562611000.0,493474000.0,244420000.0,0.41,0.41,0.3,13371551000.0,7027960000.0,3970816000.0,388256000.0,5305685000.0,-261482000.0,-35061000.0,-4437404000.0
SYY,2015-12-26,False,Q2,2016,10-Q,12153626000.0,432583000.0,272399000.0,0.48,0.48,0.31,13089468000.0,6779026000.0,3872214000.0,595602000.0,3941427000.0,468881000.0,-167286000.0,-4795335000.0
SYY,2016-03-26,False,Q3,2016,10-Q,12002791000.0,377618000.0,217136000.0,0.38,0.38,0.31,13351094000.0,6960033000.0,4112072000.0,610838000.0,3969431000.0,988981000.0,-382335000.0,-5099743000.0
SYY,2016-07-02,False,FY,2016,10-K,50366919000.0,1850500000.0,949622000.0,1.66,1.64,1.23,16721804000.0,10053899000.0,4434456000.0,3919300000.0,3479608000.0,1933142000.0,-600828000.0,-2404731000.0
SYY,2016-10-01,False,Q1,2017,10-Q,13968654000.0,566833000.0,323887000.0,0.58,0.58,0.31,18024810000.0,8135470000.0,5366550000.0,759898000.0,3020786000.0,248674000.0,-3048455000.0,-389659000.0
SYY,2016-12-31,False,Q2,2017,10-Q,13457268000.0,492417000.0,275167000.0,0.5,0.5,0.33,17630066000.0,8011206000.0,5052286000.0,847292000.0,2476039000.0,604924000.0,-3184514000.0,-481803000.0
SYY,2017-04-01,False,Q3,2017,10-Q,13524172000.0,435962000.0,238278000.0,0.44,0.44,0.33,17920900000.0,8325561000.0,5729810000.0,855133000.0,2330528000.0,1024775000.0,-3305146000.0,-706963000.0
SYY,2017-07-01,False,FY,2017,10-K,55371139000.0,2053171000.0,1142503000.0,2.1,2.08,1.3,17756655000.0,8033438000.0,6095886000.0,869502000.0,2381516000.0,2176425000.0,-3584461000.0,-1619709000.0
SYY,2017-09-30,False,Q1,2018,10-Q,14650424000.0,623092000.0,367640000.0,0.7,0.69,0.33,18418590000.0,8597002000.0,6140282000.0,909203000.0,2235254000.0,82775000.0,-134539000.0,72895000.0
