symbol,end_date,amend,period_focus,fiscal_year,doc_type,revenues,op_income,net_income,eps_basic,eps_diluted,dividend,assets,cur_assets,cur_liab,cash,equity,cash_flow_op,cash_flow_inv,cash_flow_fin
TDC,2010-06-30,False,Q2,2010,10-Q,470000000.0,106000000.0,74000000.0,0.44,0.44,0.0,1662000000.0,1208000000.0,543000000.0,724000000.0,1006000000.0,200000000.0,-76000000.0,-57000000.0
TDC,2010-09-30,False,Q3,2010,10-Q,489000000.0,106000000.0,75000000.0,0.45,0.44,0.0,1755000000.0,1272000000.0,550000000.0,741000000.0,1084000000.0,265000000.0,-123000000.0,-64000000.0
TDC,2010-12-31,False,FY,2010,10-K,1936000000.0,415000000.0,301000000.0,1.8,1.77,0.0,1883000000.0,1406000000.0,569000000.0,883000000.0,1189000000.0,413000000.0,-145000000.0,-47000000.0
TDC,2011-03-31,False,Q1,2011,10-Q,506000000.0,91000000.0,65000000.0,0.39,0.38,0.0,2359000000.0,1367000000.0,660000000.0,778000000.0,1274000000.0,106000000.0,-526000000.0,311000000.0
TDC,2011-06-30,False,Q2,2011,10-Q,581000000.0,110000000.0,103000000.0,0.61,0.6,0.0,2461000000.0,1222000000.0,679000000.0,682000000.0,1365000000.0,285000000.0,-779000000.0,287000000.0
TDC,2011-09-30,False,Q3,2011,10-Q,602000000.0,122000000.0,87000000.0,0.52,0.51,0.0,2486000000.0,1261000000.0,671000000.0,691000000.0,1401000000.0,387000000.0,-809000000.0,234000000.0
TDC,2011-12-31,False,FY,2011,10-K,2362000000.0,456000000.0,353000000.0,2.1,2.05,0.0,2616000000.0,1412000000.0,695000000.0,772000000.0,1494000000.0,513000000.0,-832000000.0,212000000.0
TDC,2012-03-31,False,Q1,2012,10-Q,613000000.0,127000000.0,91000000.0,0.54,0.53,0.0,2812000000.0,1614000000.0,745000000.0,978000000.0,1640000000.0,192000000.0,-30000000.0,41000000.0
TDC,2012-06-30,False,Q2,2012,10-Q,665000000.0,160000000.0,112000000.0,0.66,0.65,0.0,2915000000.0,1440000000.0,719000000.0,821000000.0,1735000000.0,344000000.0,-307000000.0,19000000.0
TDC,2012-09-30,False,Q3,2012,10-Q,647000000.0,143000000.0,104000000.0,0.62,0.6,0.0,3051000000.0,1553000000.0,694000000.0,909000000.0,1878000000.0,451000000.0,-348000000.0,34000000.0
TDC,2012-12-31,False,FY,2012,10-K,2665000000.0,580000000.0,419000000.0,2.49,2.44,0.0,3066000000.0,1534000000.0,806000000.0,729000000.0,1779000000.0,575000000.0,-422000000.0,-196000000.0
TDC,2013-03-31,False,Q1,2013,10-Q,587000000.0,76000000.0,59000000.0,0.36,0.35,0.0,3017000000.0,1509000000.0,783000000.0,853000000.0,1753000000.0,243000000.0,-27000000.0,-87000000.0
TDC,2013-06-30,False,Q2,2013,10-Q,670000000.0,147000000.0,108000000.0,0.66,0.65,0.0,3042000000.0,1493000000.0,774000000.0,826000000.0,1790000000.0,383000000.0,-104000000.0,-173000000.0
TDC,2013-09-30,False,Q3,2013,10-Q,666000000.0,132000000.0,98000000.0,0.6,0.59,0.0,3118000000.0,1560000000.0,722000000.0,862000000.0,1918000000.0,447000000.0,-139000000.0,-168000000.0
TDC,2013-12-31,False,FY,2013,10-K,2692000000.0,532000000.0,377000000.0,2.31,2.27,0.0,3096000000.0,1563000000.0,776000000.0,695000000.0,1857000000.0,510000000.0,-174000000.0,-362000000.0
TDC,2014-03-31,False,Q1,2014,10-Q,628000000.0,89000000.0,59000000.0,0.37,0.37,0.0,3178000000.0,1659000000.0,882000000.0,922000000.0,1849000000.0,343000000.0,-37000000.0,-82000000.0
TDC,2014-06-30,False,Q2,2014,10-Q,676000000.0,133000000.0,96000000.0,0.61,0.6,0.0,3136000000.0,1637000000.0,846000000.0,934000000.0,1862000000.0,481000000.0,-65000000.0,-180000000.0
TDC,2014-09-30,False,Q3,2014,10-Q,667000000.0,123000000.0,94000000.0,0.61,0.6,0.0,3018000000.0,1506000000.0,771000000.0,848000000.0,1842000000.0,583000000.0,-143000000.0,-279000000.0
TDC,2014-12-31,False,FY,2014,10-K,2732000000.0,503000000.0,367000000.0,2.36,2.33,0.0,3132000000.0,1572000000.0,995000000.0,834000000.0,1707000000.0,680000000.0,-198000000.0,-326000000.0
TDC,2015-03-31,False,Q1,2015,10-Q,582000000.0,30000000.0,22000000.0,0.15,0.15,0.0,3103000000.0,1591000000.0,850000000.0,881000000.0,1444000000.0,222000000.0,-32000000.0,-130000000.0
TDC,2015-06-30,False,Q2,2015,10-Q,623000000.0,-262000000.0,-265000000.0,-1.87,-1.87,0.0,2735000000.0,1577000000.0,757000000.0,921000000.0,1186000000.0,302000000.0,-45000000.0,-161000000.0
TDC,2015-09-30,False,Q3,2015,10-Q,606000000.0,77000000.0,78000000.0,0.56,0.55,0.0,2609000000.0,1514000000.0,838000000.0,874000000.0,996000000.0,370000000.0,-34000000.0,-280000000.0
TDC,2015-12-31,False,FY,2015,10-K,2530000000.0,-195000000.0,-214000000.0,-1.53,-1.53,0.0,2530000000.0,1734000000.0,953000000.0,839000000.0,849000000.0,401000000.0,-52000000.0,-324000000.0
TDC,2016-03-31,False,Q1,2016,10-Q,545000000.0,-42000000.0,-46000000.0,-0.36,-0.36,0.0,2464000000.0,1677000000.0,968000000.0,917000000.0,794000000.0,251000000.0,-29000000.0,-146000000.0
TDC,2016-06-30,False,Q2,2016,10-Q,599000000.0,87000000.0,64000000.0,0.49,0.49,0.0,2382000000.0,1595000000.0,819000000.0,909000000.0,864000000.0,350000000.0,-52000000.0,-228000000.0
TDC,2016-09-30,False,Q3,2016,10-Q,552000000.0,89000000.0,49000000.0,0.38,0.37,0.0,2314000000.0,1517000000.0,688000000.0,988000000.0,932000000.0,395000000.0,-5000000.0,-244000000.0
TDC,2016-12-31,False,FY,2016,10-K,2322000000.0,232000000.0,125000000.0,0.96,0.95,0.0,2413000000.0,1621000000.0,729000000.0,974000000.0,971000000.0,446000000.0,-35000000.0,-262000000.0
TDC,2017-03-31,False,Q1,2017,10-Q,252000000.0,-1000000.0,-2000000.0,-0.02,-0.02,0.0,2483000000.0,1704000000.0,835000000.0,1164000000.0,954000000.0,248000000.0,-18000000.0,-44000000.0
TDC,2017-06-30,False,Q2,2017,10-Q,257000000.0,-1000000.0,-4000000.0,-0.03,-0.03,0.0,2338000000.0,1548000000.0,792000000.0,1085000000.0,872000000.0,309000000.0,-52000000.0,-154000000.0
TDC,2017-09-30,False,Q3,2017,10-Q,267000000.0,7000000.0,13000000.0,0.11,0.1,0.0,2307000000.0,1508000000.0,936000000.0,1025000000.0,719000000.0,301000000.0,-84000000.0,-174000000.0
