symbol,end_date,amend,period_focus,fiscal_year,doc_type,revenues,op_income,net_income,eps_basic,eps_diluted,dividend,assets,cur_assets,cur_liab,cash,equity,cash_flow_op,cash_flow_inv,cash_flow_fin
TDG,2010-07-03,False,Q3,2010,10-Q,214182000.0,95277000.0,44005000.0,0.83,0.83,0.0,2615956000.0,581360000.0,113955000.0,258389000.0,535846000.0,155263000.0,-105785000.0,18744000.0
TDG,2010-09-30,False,FY,2010,10-K,827654000.0,363069000.0,163445000.0,2.52,2.52,0.0,2677818000.0,583508000.0,113012000.0,234112000.0,592979000.0,197304000.0,-176559000.0,23200000.0
TDG,2011-01-01,False,Q1,2011,10-Q,240046000.0,21557000.0,-7347000.0,-0.19,-0.19,0.0,4212912000.0,677705000.0,168584000.0,234308000.0,596262000.0,62148000.0,-1365188000.0,1303236000.0
TDG,2011-04-02,False,Q2,2011,10-Q,311345000.0,113204000.0,55817000.0,1.05,1.05,0.0,4386468000.0,964044000.0,217751000.0,505337000.0,667026000.0,129151000.0,-1130588000.0,1272662000.0
TDG,2011-07-02,False,Q3,2011,10-Q,325209000.0,139155000.0,56280000.0,1.1,1.1,0.0,4385019000.0,996868000.0,154762000.0,549251000.0,735323000.0,143711000.0,-1102859000.0,1274287000.0
TDG,2011-09-30,False,FY,2011,10-K,1206021000.0,487135000.0,169323000.0,2.8,2.8,0.0,4513636000.0,870292000.0,206859000.0,376183000.0,810949000.0,260578000.0,-1397028000.0,1278521000.0
TDG,2011-12-31,False,Q1,2012,10-Q,352473000.0,145266000.0,61806000.0,1.15,1.15,0.0,4545336000.0,840041000.0,164734000.0,359900000.0,887068000.0,67699000.0,-88515000.0,4533000.0
TDG,2012-03-31,False,Q2,2012,10-Q,423469000.0,177227000.0,81552000.0,1.51,1.51,0.0,5199863000.0,815082000.0,210301000.0,201481000.0,994923000.0,164804000.0,-842621000.0,503115000.0
TDG,2012-06-30,False,Q3,2012,10-Q,461660000.0,185864000.0,90446000.0,1.68,1.68,0.0,5305942000.0,914251000.0,183158000.0,302718000.0,1106649000.0,257823000.0,-850180000.0,519515000.0
TDG,2012-09-30,False,FY,2012,10-K,1700208000.0,699775000.0,321670000.0,5.97,5.97,0.0,5459617000.0,1050531000.0,233915000.0,440524000.0,1218834000.0,413885000.0,-876292000.0,527186000.0
TDG,2012-12-29,False,Q1,2013,10-Q,430418000.0,172846000.0,74170000.0,0.66,0.66,12.85,5549616000.0,1155396000.0,233703000.0,554431000.0,598847000.0,98115000.0,-3543000.0,19196000.0
TDG,2013-03-30,False,Q2,2013,10-Q,465609000.0,194112000.0,67937000.0,1.25,1.25,0.0,5694092000.0,1327658000.0,259261000.0,680024000.0,685369000.0,197289000.0,-14183000.0,56419000.0
TDG,2013-06-29,False,Q3,2013,10-Q,488636000.0,176724000.0,76655000.0,0.71,0.71,0.0,5812660000.0,1040878000.0,257450000.0,269172000.0,801726000.0,267035000.0,-494841000.0,56400000.0
TDG,2013-09-30,False,FY,2013,10-K,1924400000.0,749455000.0,302789000.0,2.39,2.39,34.85,6148879000.0,1320495000.0,322500000.0,564740000.0,-336381000.0,470205000.0,-502442000.0,156195000.0
TDG,2013-12-28,False,Q1,2014,10-Q,529322000.0,210626000.0,86123000.0,1.44,1.44,0.0,6292487000.0,1221093000.0,338649000.0,410924000.0,-234182000.0,115707000.0,-271989000.0,2312000.0
TDG,2014-03-29,False,Q2,2014,10-Q,590761000.0,218494000.0,90355000.0,1.49,1.49,0.0,6399338000.0,1328017000.0,352478000.0,475691000.0,-125629000.0,220488000.0,-312345000.0,2656000.0
TDG,2014-06-28,False,Q3,2014,10-Q,610582000.0,239980000.0,16177000.0,-1.66,-1.66,25.0,6710991000.0,1624771000.0,551721000.0,729134000.0,-1591507000.0,349529000.0,-320942000.0,135731000.0
TDG,2014-09-30,False,FY,2014,10-K,2372906000.0,927820000.0,306910000.0,3.16,3.16,25.0,6756848000.0,1689576000.0,585907000.0,819548000.0,-1556099000.0,541222000.0,-329638000.0,43973000.0
TDG,2014-12-27,False,Q1,2015,10-Q,586898000.0,240668000.0,95533000.0,1.63,1.63,0.0,6913572000.0,1876351000.0,645052000.0,1011629000.0,-1464733000.0,188959000.0,-8138000.0,12249000.0
TDG,2015-03-28,False,Q2,2015,10-Q,619030000.0,256561000.0,110894000.0,1.96,1.96,0.0,7226212000.0,1467322000.0,613516000.0,392519000.0,-1326208000.0,182916000.0,-746199000.0,139171000.0
TDG,2015-06-27,False,Q3,2015,10-Q,691395000.0,263696000.0,99112000.0,1.75,1.75,0.0,8350382000.0,2029486000.0,679689000.0,915350000.0,-1169025000.0,373427000.0,-1333797000.0,1058249000.0
TDG,2015-09-30,False,FY,2015,10-K,2707115000.0,1074002000.0,447212000.0,7.84,7.84,0.0,8427050000.0,1831962000.0,658215000.0,714033000.0,-1038306000.0,520938000.0,-1679149000.0,1054947000.0
TDG,2016-01-02,False,Q1,2016,10-Q,701695000.0,276041000.0,114901000.0,1.97,1.97,0.0,8329978000.0,1860775000.0,656442000.0,805291000.0,-964270000.0,164130000.0,-10172000.0,-61391000.0
TDG,2016-04-02,False,Q2,2016,10-Q,796801000.0,312075000.0,138627000.0,2.47,2.47,0.0,8359474000.0,1758000000.0,675996000.0,612015000.0,-961818000.0,269160000.0,-166694000.0,-202624000.0
TDG,2016-07-02,False,Q3,2016,10-Q,797692000.0,330642000.0,140597000.0,2.52,2.52,0.0,10570469000.0,2932134000.0,727321000.0,1666695000.0,-808248000.0,444436000.0,-1173013000.0,1681035000.0
TDG,2016-09-30,False,FY,2016,10-K,3171411000.0,1267760000.0,586414000.0,10.39,10.39,0.0,10726277000.0,2930697000.0,752603000.0,1586994000.0,-651490000.0,668930000.0,-1443046000.0,1646835000.0
TDG,2016-12-31,False,Q1,2017,10-Q,814018000.0,317009000.0,118871000.0,0.41,0.41,24.0,10037122000.0,2235418000.0,698918000.0,972360000.0,-1874625000.0,225791000.0,-51809000.0,-784717000.0
TDG,2017-04-01,False,Q2,2017,10-Q,873232000.0,366362000.0,155505000.0,2.78,2.78,0.0,10187327000.0,2320429000.0,732639000.0,985389000.0,-2038764000.0,390500000.0,-147317000.0,-841600000.0
TDG,2017-07-01,False,Q3,2017,10-Q,907667000.0,387640000.0,169053000.0,3.08,3.08,0.0,10316436000.0,2387030000.0,730717000.0,970556000.0,-1895445000.0,555216000.0,-270873000.0,-902614000.0
TDG,2017-09-30,False,FY,2017,10-K,3504286000.0,1479826000.0,596887000.0,8.45,8.45,46.0,9975661000.0,2133552000.0,870994000.0,650561000.0,-2951204000.0,788733000.0,-287003000.0,-1443682000.0
