symbol,end_date,amend,period_focus,fiscal_year,doc_type,revenues,op_income,net_income,eps_basic,eps_diluted,dividend,assets,cur_assets,cur_liab,cash,equity,cash_flow_op,cash_flow_inv,cash_flow_fin
TEL,2009-06-26,False,Q3,2009,10-Q,2508000000.0,64000000.0,-74000000.0,-0.16,-0.16,0.0,16292000000.0,5558000000.0,2625000000.0,1258000000.0,7071000000.0,787000000.0,444000000.0,-1038000000.0
TEL,2009-09-25,False,FY,2009,10-K,10256000000.0,-3474000000.0,-3256000000.0,-7.09,-7.09,0.0,16220000000.0,5579000000.0,2615000000.0,1521000000.0,7016000000.0,1329000000.0,391000000.0,-1254000000.0
TEL,2009-12-25,False,Q1,2010,10-Q,2892000000.0,269000000.0,172000000.0,0.37,0.37,0.0,16283000000.0,5820000000.0,2761000000.0,1695000000.0,7007000000.0,330000000.0,-64000000.0,-93000000.0
TEL,2010-03-26,False,Q2,2010,10-Q,2957000000.0,398000000.0,304000000.0,0.67,0.66,0.0,16552000000.0,6111000000.0,3280000000.0,1839000000.0,6796000000.0,830000000.0,-199000000.0,-313000000.0
TEL,2010-06-25,False,Q3,2010,10-Q,3084000000.0,467000000.0,330000000.0,0.73,0.72,0.16,16469000000.0,6333000000.0,3337000000.0,1815000000.0,6800000000.0,1205000000.0,-322000000.0,-587000000.0
TEL,2010-09-24,False,FY,2010,10-K,12070000000.0,1516000000.0,1103000000.0,2.43,2.41,0.0,16992000000.0,6731000000.0,3460000000.0,1990000000.0,7056000000.0,1679000000.0,-442000000.0,-779000000.0
TEL,2010-12-24,False,Q1,2011,10-Q,3200000000.0,400000000.0,265000000.0,0.6,0.59,0.16,18102000000.0,6788000000.0,3868000000.0,1407000000.0,7346000000.0,154000000.0,-793000000.0,53000000.0
TEL,2011-03-25,False,Q2,2011,10-Q,3472000000.0,405000000.0,299000000.0,0.67,0.67,0.16,18080000000.0,6743000000.0,3750000000.0,1239000000.0,7336000000.0,711000000.0,-790000000.0,-684000000.0
TEL,2011-06-24,False,Q3,2011,10-Q,3729000000.0,471000000.0,355000000.0,0.81,0.8,0.18,18032000000.0,6860000000.0,3691000000.0,1212000000.0,7586000000.0,1149000000.0,-835000000.0,-1115000000.0
TEL,2011-09-30,False,FY,2011,10-K,14312000000.0,1741000000.0,1245000000.0,2.84,2.81,0.68,17723000000.0,6632000000.0,3401000000.0,1219000000.0,7484000000.0,1779000000.0,-1043000000.0,-1512000000.0
TEL,2011-12-30,False,Q1,2012,10-Q,3309000000.0,378000000.0,260000000.0,0.61,0.61,0.18,17523000000.0,6577000000.0,3820000000.0,1390000000.0,7590000000.0,207000000.0,-126000000.0,93000000.0
TEL,2012-03-30,False,Q2,2012,10-Q,3249000000.0,385000000.0,257000000.0,0.6,0.6,0.18,19029000000.0,8311000000.0,4371000000.0,2866000000.0,7683000000.0,729000000.0,-271000000.0,1183000000.0
TEL,2012-06-29,False,Q3,2012,10-Q,3499000000.0,371000000.0,199000000.0,0.46,0.46,0.21,18942000000.0,6432000000.0,4070000000.0,1302000000.0,7740000000.0,1234000000.0,-1370000000.0,234000000.0
TEL,2012-09-28,False,FY,2012,10-K,13282000000.0,1518000000.0,1112000000.0,2.61,2.59,0.78,19306000000.0,6503000000.0,4004000000.0,1589000000.0,7977000000.0,1947000000.0,-1510000000.0,-65000000.0
TEL,2012-12-28,False,Q1,2013,10-Q,3134000000.0,293000000.0,277000000.0,0.66,0.65,0.21,18136000000.0,5753000000.0,3111000000.0,972000000.0,8134000000.0,392000000.0,-105000000.0,-905000000.0
TEL,2013-03-29,False,Q2,2013,10-Q,3265000000.0,359000000.0,277000000.0,0.66,0.65,0.21,18140000000.0,5864000000.0,3901000000.0,1073000000.0,7733000000.0,837000000.0,-232000000.0,-1120000000.0
TEL,2013-06-28,False,Q3,2013,10-Q,3449000000.0,439000000.0,335000000.0,0.81,0.8,0.25,18090000000.0,6018000000.0,4003000000.0,1262000000.0,7888000000.0,1453000000.0,-357000000.0,-1411000000.0
TEL,2013-09-27,False,FY,2013,10-K,13280000000.0,1556000000.0,1276000000.0,3.05,3.02,0.92,18461000000.0,6309000000.0,3924000000.0,1403000000.0,8386000000.0,2046000000.0,-545000000.0,-1678000000.0
TEL,2013-12-27,False,Q1,2014,10-Q,3326000000.0,479000000.0,353000000.0,0.86,0.84,0.25,18443000000.0,6358000000.0,3409000000.0,1397000000.0,8622000000.0,385000000.0,-123000000.0,-262000000.0
TEL,2014-03-28,False,Q2,2014,10-Q,3431000000.0,510000000.0,362000000.0,0.88,0.87,0.25,18628000000.0,6566000000.0,4087000000.0,1429000000.0,8399000000.0,834000000.0,-298000000.0,-500000000.0
TEL,2014-06-27,False,Q3,2014,10-Q,3580000000.0,535000000.0,403000000.0,0.99,0.97,0.29,18871000000.0,6873000000.0,3860000000.0,1613000000.0,8848000000.0,1334000000.0,-471000000.0,-650000000.0
TEL,2014-09-26,False,FY,2014,10-K,13912000000.0,2045000000.0,1781000000.0,4.34,4.27,1.08,20152000000.0,7544000000.0,3954000000.0,2457000000.0,9013000000.0,2083000000.0,-1075000000.0,65000000.0
TEL,2014-12-26,False,Q1,2015,10-Q,3466000000.0,477000000.0,472000000.0,1.16,1.14,0.29,20153000000.0,6045000000.0,3876000000.0,868000000.0,9170000000.0,295000000.0,-1651000000.0,-209000000.0
TEL,2015-03-27,False,Q2,2015,10-Q,3082000000.0,448000000.0,599000000.0,1.47,1.45,0.29,20243000000.0,7612000000.0,4141000000.0,697000000.0,8995000000.0,693000000.0,-2030000000.0,-383000000.0
TEL,2015-06-26,False,Q3,2015,10-Q,3118000000.0,469000000.0,309000000.0,0.76,0.75,0.33,20441000000.0,7736000000.0,4041000000.0,701000000.0,9135000000.0,1289000000.0,-2165000000.0,-839000000.0
TEL,2015-09-25,False,FY,2015,10-K,12233000000.0,1749000000.0,2420000000.0,5.98,5.89,1.24,20608000000.0,7887000000.0,3577000000.0,3329000000.0,9585000000.0,1913000000.0,636000000.0,-1606000000.0
TEL,2015-12-25,False,Q1,2016,10-Q,2833000000.0,398000000.0,353000000.0,0.92,0.91,0.33,19223000000.0,6505000000.0,3266000000.0,2223000000.0,8577000000.0,366000000.0,-121000000.0,-1346000000.0
TEL,2016-03-25,False,Q2,2016,10-Q,2952000000.0,535000000.0,380000000.0,1.04,1.03,0.33,17841000000.0,5414000000.0,3097000000.0,1150000000.0,7406000000.0,520000000.0,15000000.0,-2712000000.0
TEL,2016-06-24,False,Q3,2016,10-Q,3121000000.0,452000000.0,839000000.0,2.35,2.32,0.37,17500000000.0,4929000000.0,3311000000.0,694000000.0,8265000000.0,1238000000.0,-1057000000.0,-2812000000.0
TEL,2016-09-30,False,FY,2016,10-K,12238000000.0,1902000000.0,2009000000.0,5.49,5.44,1.4,17608000000.0,4775000000.0,3066000000.0,647000000.0,8485000000.0,1922000000.0,-1581000000.0,-3030000000.0
TEL,2016-12-30,False,Q1,2017,10-Q,3063000000.0,486000000.0,409000000.0,1.15,1.14,0.37,17615000000.0,4809000000.0,3513000000.0,665000000.0,8837000000.0,404000000.0,-154000000.0,-209000000.0
TEL,2017-03-31,False,Q2,2017,10-Q,3227000000.0,473000000.0,405000000.0,1.14,1.13,0.37,18056000000.0,5146000000.0,3935000000.0,773000000.0,8753000000.0,925000000.0,-297000000.0,-492000000.0
TEL,2017-06-30,False,Q3,2017,10-Q,3367000000.0,536000000.0,435000000.0,1.23,1.22,0.4,18520000000.0,5354000000.0,3872000000.0,755000000.0,9141000000.0,1448000000.0,-538000000.0,-791000000.0
TEL,2017-09-29,False,FY,2017,10-K,13113000000.0,2047000000.0,1683000000.0,4.74,4.7,1.54,19403000000.0,5926000000.0,3847000000.0,1218000000.0,9751000000.0,2321000000.0,-932000000.0,-814000000.0
