symbol,end_date,amend,period_focus,fiscal_year,doc_type,revenues,op_income,net_income,eps_basic,eps_diluted,dividend,assets,cur_assets,cur_liab,cash,equity,cash_flow_op,cash_flow_inv,cash_flow_fin
GCI,2009-06-28,False,Q2,2009,10-Q,1412593000.0,142758000.0,70481000.0,0.3,0.3,0.04,7422053000.0,999860000.0,903568000.0,104368000.0,1434620000.0,396716000.0,-26759000.0,-365001000.0
GCI,2009-09-27,False,Q3,2009,10-Q,1336583000.0,156961000.0,73752000.0,0.31,0.31,0.04,7318572000.0,1000301000.0,925962000.0,123769000.0,1516034000.0,617834000.0,-23164000.0,-571387000.0
GCI,2009-12-27,False,FY,2009,10-K,5612993000.0,725183000.0,355270000.0,1.52,1.51,0.16,7148432000.0,1049042000.0,900103000.0,98795000.0,1747475000.0,866580000.0,-34623000.0,-832813000.0
GCI,2010-03-28,False,Q1,2010,10-Q,1322405000.0,218184000.0,117179000.0,0.49,0.49,0.04,6956721000.0,1012183000.0,900450000.0,104148000.0,1844125000.0,292187000.0,-15731000.0,-270855000.0
GCI,2010-06-27,False,Q2,2010,10-Q,1365143000.0,272609000.0,195478000.0,0.82,0.81,0.04,6845886000.0,999151000.0,805327000.0,157208000.0,2043320000.0,441419000.0,70800000.0,-452982000.0
GCI,2010-09-26,False,Q3,2010,10-Q,1312335000.0,200288000.0,101409000.0,0.43,0.42,0.04,6865309000.0,1060439000.0,902178000.0,172432000.0,2185995000.0,683683000.0,64585000.0,-674557000.0
GCI,2010-12-26,False,FY,2010,10-K,5438678000.0,999695000.0,588201000.0,2.47,2.43,0.16,6816844000.0,1139134000.0,893186000.0,183014000.0,2334073000.0,772884000.0,62966000.0,-751259000.0
GCI,2011-03-27,False,Q1,2011,10-Q,1251261000.0,178616000.0,90493000.0,0.38,0.37,0.04,6666689000.0,1003873000.0,860881000.0,142217000.0,2461415000.0,224082000.0,-6008000.0,-259309000.0
GCI,2011-06-26,False,Q2,2011,10-Q,1334939000.0,241754000.0,151527000.0,0.63,0.62,0.04,6607021000.0,1014756000.0,855315000.0,165341000.0,2622108000.0,414808000.0,4138000.0,-437135000.0
GCI,2011-09-25,False,Q3,2011,10-Q,1266034000.0,198161000.0,99788000.0,0.42,0.41,0.08,6544729000.0,1056274000.0,873536000.0,195990000.0,2680907000.0,603160000.0,-10592000.0,-579617000.0
GCI,2011-12-25,False,FY,2011,10-K,5239989000.0,830791000.0,458748000.0,1.92,1.89,0.24,6616450000.0,1075545000.0,901937000.0,166926000.0,2512025000.0,814136000.0,-24919000.0,-805497000.0
GCI,2012-03-25,False,Q1,2012,10-Q,1218587000.0,135658000.0,68223000.0,0.29,0.28,0.2,6498255000.0,1003321000.0,951036000.0,157479000.0,2530818000.0,162087000.0,-21701000.0,-150229000.0
GCI,2012-06-24,False,Q2,2012,10-Q,1307040000.0,216518000.0,119889000.0,0.51,0.51,0.2,6463191000.0,1046548000.0,917854000.0,202089000.0,2572617000.0,316582000.0,-33599000.0,-247816000.0
GCI,2012-09-23,False,Q3,2012,10-Q,1309261000.0,217199000.0,133083000.0,0.58,0.56,0.2,6561363000.0,1096202000.0,971203000.0,237445000.0,2664361000.0,498736000.0,-74582000.0,-355280000.0
GCI,2012-12-30,False,FY,2012,10-K,5353197000.0,789755000.0,424280000.0,1.83,1.79,0.8,6379886000.0,1072720000.0,934516000.0,175030000.0,2539912000.0,756740000.0,-86981000.0,-663720000.0
GCI,2013-03-31,False,Q1,2013,10-Q,1237735000.0,151057000.0,104565000.0,0.46,0.44,0.2,6227409000.0,1005557000.0,862192000.0,142833000.0,2580729000.0,36283000.0,-6331000.0,-61569000.0
GCI,2013-06-30,False,Q2,2013,10-Q,1302699000.0,202882000.0,113620000.0,0.5,0.48,0.2,6205206000.0,993853000.0,880343000.0,161497000.0,2676368000.0,223941000.0,-33460000.0,-202859000.0
GCI,2013-09-29,False,Q3,2013,10-Q,1252890000.0,171698000.0,79748000.0,0.35,0.34,0.2,6892173000.0,1681815000.0,916013000.0,811367000.0,2728057000.0,348958000.0,-24460000.0,311864000.0
GCI,2013-12-29,False,FY,2013,10-K,5161362000.0,739243000.0,388680000.0,1.7,1.66,0.8,9240706000.0,1923485000.0,1007192000.0,469203000.0,2894793000.0,511488000.0,-1387490000.0,1170013000.0
GCI,2014-03-30,False,Q1,2014,10-Q,1404066000.0,203994000.0,59159000.0,0.26,0.25,0.2,9009727000.0,1571248000.0,1011547000.0,292977000.0,2924844000.0,166002000.0,-4955000.0,-337385000.0
GCI,2014-06-29,False,Q2,2014,10-Q,1460004000.0,242502000.0,208467000.0,0.92,0.9,0.2,9147565000.0,1462627000.0,1005054000.0,430666000.0,3084581000.0,354939000.0,45753000.0,-439584000.0
GCI,2014-09-28,False,Q3,2014,10-Q,1443137000.0,270517000.0,118516000.0,0.52,0.51,0.2,9917060000.0,2444011000.0,1123138000.0,1374515000.0,3177835000.0,572601000.0,170189000.0,162577000.0
GCI,2014-12-28,False,FY,2014,10-K,6008174000.0,1058031000.0,1062171000.0,4.69,4.58,0.8,11205455000.0,1480465000.0,1127936000.0,118484000.0,3489273000.0,821199000.0,-1662101000.0,490464000.0
GCI,2015-03-29,False,Q1,2015,10-Q,1472765000.0,230928000.0,112894000.0,0.5,0.49,0.2,10984460000.0,1373468000.0,1054784000.0,135681000.0,3535667000.0,145464000.0,78951000.0,-206827000.0
TGNA,2015-06-28,False,Q2,2015,10-Q,1521392000.0,268366000.0,115867000.0,0.51,0.5,0.2,11093769000.0,1616397000.0,1055116000.0,219088000.0,3627311000.0,295408000.0,445000.0,-195315000.0
TGNA,2015-09-27,False,Q3,2015,10-Q,807086000.0,216357000.0,88255000.0,0.39,0.38,0.14,8874743000.0,1065919000.0,722597000.0,117799000.0,2384019000.0,479233000.0,-35918000.0,-444000000.0
TGNA,2015-12-31,False,FY,2015,10-K,3050945000.0,913158000.0,459522000.0,2.04,2.0,0.68,8537758000.0,805159000.0,606783000.0,129200000.0,2456744000.0,613106000.0,217276000.0,-819666000.0
TGNA,2016-03-31,False,Q1,2016,10-Q,781732000.0,201919000.0,85444000.0,0.39,0.38,0.14,8469173000.0,748054000.0,579022000.0,79206000.0,2431651000.0,127058000.0,-74938000.0,-102114000.0
TGNA,2016-06-30,False,Q2,2016,10-Q,811785000.0,226594000.0,99451000.0,0.46,0.45,0.14,8460615000.0,783411000.0,514480000.0,102153000.0,2434186000.0,229244000.0,-104982000.0,-151309000.0
TGNA,2016-09-30,False,Q3,2016,10-Q,860265000.0,263772000.0,118683000.0,0.55,0.54,0.14,8674677000.0,846252000.0,608614000.0,107329000.0,2496158000.0,454763000.0,-273309000.0,-203325000.0
TGNA,2016-12-31,False,FY,2016,10-K,3341198000.0,972074000.0,436697000.0,2.02,1.99,0.56,8542725000.0,790688000.0,619181000.0,76920000.0,2553005000.0,683429000.0,-273276000.0,-462433000.0
TGNA,2017-03-31,False,Q1,2017,10-Q,778471000.0,153376000.0,57714000.0,0.27,0.27,0.14,8465011000.0,752255000.0,608678000.0,79655000.0,2574822000.0,140888000.0,-13697000.0,-124456000.0
TGNA,2017-06-30,False,Q2,2017,10-Q,489369000.0,150080000.0,-130352000.0,-0.6,-0.6,0.07,5647732000.0,1266281000.0,508328000.0,65669000.0,874178000.0,239305000.0,-45008000.0,-126786000.0
TGNA,2017-09-30,False,Q3,2017,10-Q,464264000.0,116861000.0,42757000.0,0.2,0.19,0.07,5243056000.0,866730000.0,632599000.0,383354000.0,705875000.0,351183000.0,152499000.0,-197248000.0
