symbol,end_date,amend,period_focus,fiscal_year,doc_type,revenues,op_income,net_income,eps_basic,eps_diluted,dividend,assets,cur_assets,cur_liab,cash,equity,cash_flow_op,cash_flow_inv,cash_flow_fin
TGT,2009-08-01,False,Q2,2010,10-Q,14567000000.0,,594000000.0,0.79,0.79,0.0,44233000000.0,17683000000.0,9810000000.0,957000000.0,14602000000.0,2051000000.0,-972000000.0,-986000000.0
TGT,2009-10-31,False,Q3,2009,10-Q,14789000000.0,,436000000.0,0.58,0.58,0.0,45979000000.0,19583000000.0,12398000000.0,864000000.0,14971000000.0,3027000000.0,-1434000000.0,-1593000000.0
TGT,2010-01-30,False,FY,2009,10-K,63435000000.0,,2488000000.0,3.31,3.3,0.0,44533000000.0,18424000000.0,11327000000.0,2200000000.0,15347000000.0,5881000000.0,-1703000000.0,-2842000000.0
TGT,2010-01-30,True,FY,2009,10-K,63435000000.0,,2488000000.0,3.31,3.3,0.0,44533000000.0,18424000000.0,11327000000.0,2200000000.0,15347000000.0,5881000000.0,-1703000000.0,-2842000000.0
TGT,2010-05-01,False,Q1,2010,10-Q,15158000000.0,,671000000.0,0.91,0.9,0.17,43323000000.0,17222000000.0,10197000000.0,1578000000.0,15597000000.0,1158000000.0,-175000000.0,-1605000000.0
TGT,2010-07-31,False,Q2,2010,10-Q,15126000000.0,,679000000.0,0.93,0.92,0.25,43655000000.0,17245000000.0,10100000000.0,1540000000.0,15268000000.0,1828000000.0,-725000000.0,-1763000000.0
TGT,2010-10-30,False,Q3,2010,10-Q,15226000000.0,,535000000.0,0.75,0.74,0.25,44949000000.0,18346000000.0,11790000000.0,936000000.0,14879000000.0,2852000000.0,-1316000000.0,-2800000000.0
TGT,2011-01-29,False,FY,2010,10-K,65786000000.0,,2920000000.0,4.03,4.0,0.92,43705000000.0,17213000000.0,10070000000.0,1712000000.0,15487000000.0,5271000000.0,-1744000000.0,-4015000000.0
TGT,2011-04-30,False,Q1,2011,10-Q,15580000000.0,,689000000.0,0.99,0.99,0.25,42996000000.0,16368000000.0,10838000000.0,1424000000.0,15230000000.0,1052000000.0,-370000000.0,-970000000.0
TGT,2011-07-30,False,Q2,2011,10-Q,15895000000.0,1282000000.0,704000000.0,1.03,1.03,0.3,45499000000.0,16059000000.0,11620000000.0,890000000.0,15106000000.0,2336000000.0,-2135000000.0,-1023000000.0
TGT,2011-10-29,False,Q3,2011,10-Q,16054000000.0,1039000000.0,555000000.0,0.82,0.82,0.3,48447000000.0,18372000000.0,14139000000.0,821000000.0,15264000000.0,2975000000.0,-3604000000.0,-236000000.0
TGT,2012-01-28,False,FY,2011,10-K,68466000000.0,5250000000.0,2929000000.0,4.31,4.28,1.15,46630000000.0,16449000000.0,14287000000.0,794000000.0,15821000000.0,5434000000.0,-4180000000.0,-2140000000.0
TGT,2012-04-28,False,Q1,2012,10-Q,16537000000.0,1283000000.0,697000000.0,1.05,1.04,0.3,46175000000.0,15591000000.0,12446000000.0,675000000.0,15863000000.0,1307000000.0,-659000000.0,-768000000.0
TGT,2012-07-28,False,Q2,2012,10-Q,16451000000.0,1252000000.0,704000000.0,1.07,1.06,0.36,47325000000.0,16415000000.0,13329000000.0,1442000000.0,15897000000.0,2471000000.0,-1427000000.0,-402000000.0
TGT,2012-10-27,False,Q3,2012,10-Q,16601000000.0,1005000000.0,637000000.0,0.97,0.96,0.36,49579000000.0,18495000000.0,15709000000.0,1469000000.0,16352000000.0,3348000000.0,-2025000000.0,-655000000.0
TGT,2013-02-02,False,FY,2012,10-K,71960000000.0,5206000000.0,2999000000.0,4.57,4.52,1.38,48163000000.0,16388000000.0,14031000000.0,784000000.0,16558000000.0,5325000000.0,-2855000000.0,-2488000000.0
TGT,2013-05-04,False,Q1,2013,10-Q,16706000000.0,1034000000.0,498000000.0,0.78,0.77,0.36,44234000000.0,11857000000.0,11159000000.0,1819000000.0,16520000000.0,3230000000.0,2253000000.0,-4449000000.0
TGT,2013-08-03,False,Q2,2013,10-Q,17117000000.0,1161000000.0,611000000.0,0.96,0.95,0.43,44162000000.0,11403000000.0,12616000000.0,1018000000.0,16020000000.0,4109000000.0,1269000000.0,-5148000000.0
TGT,2013-11-02,False,Q3,2013,10-Q,17258000000.0,739000000.0,341000000.0,0.54,0.54,1.22,46373000000.0,13153000000.0,14551000000.0,706000000.0,16156000000.0,4753000000.0,311000000.0,-5146000000.0
TGT,2014-02-01,False,FY,2013,10-K,72596000000.0,,1971000000.0,3.1,3.07,1.65,44553000000.0,11573000000.0,12777000000.0,695000000.0,16231000000.0,6520000000.0,-271000000.0,-6364000000.0
TGT,2014-05-03,False,Q1,2014,10-Q,17050000000.0,860000000.0,418000000.0,0.66,0.66,0.43,44042000000.0,11023000000.0,12040000000.0,715000000.0,16486000000.0,520000000.0,-538000000.0,29000000.0
TGT,2014-08-02,False,Q2,2014,10-Q,17406000000.0,957000000.0,234000000.0,0.37,0.37,0.0,44455000000.0,11554000000.0,11336000000.0,803000000.0,16433000000.0,1514000000.0,-982000000.0,-427000000.0
TGT,2014-11-01,False,Q3,2014,10-Q,17732000000.0,716000000.0,352000000.0,0.55,0.55,0.0,46461000000.0,13838000000.0,13525000000.0,780000000.0,16373000000.0,2050000000.0,-1416000000.0,-550000000.0
TGT,2015-01-31,False,FY,2014,10-K,72618000000.0,,-1636000000.0,-2.58,-2.56,1.99,41404000000.0,14087000000.0,11736000000.0,2210000000.0,13997000000.0,4439000000.0,-1926000000.0,-998000000.0
TGT,2015-05-02,False,Q1,2015,10-Q,17119000000.0,1261000000.0,635000000.0,0.99,0.98,0.52,40446000000.0,13198000000.0,10648000000.0,2768000000.0,14174000000.0,1551000000.0,-306000000.0,-687000000.0
TGT,2015-08-01,False,Q2,2015,10-Q,17427000000.0,1350000000.0,753000000.0,1.18,1.18,0.0,40386000000.0,13358000000.0,11613000000.0,2742000000.0,13942000000.0,2789000000.0,-632000000.0,-1625000000.0
TGT,2015-10-31,False,Q3,2015,10-Q,17613000000.0,962000000.0,549000000.0,0.88,0.87,0.0,41696000000.0,15204000000.0,13858000000.0,1977000000.0,13256000000.0,3760000000.0,-1069000000.0,-2924000000.0
TGT,2016-01-30,False,FY,2015,10-K,73785000000.0,,3363000000.0,5.35,5.31,2.2,40262000000.0,14130000000.0,12622000000.0,4046000000.0,12957000000.0,5844000000.0,508000000.0,-4516000000.0
TGT,2016-04-30,False,Q1,2016,10-Q,16196000000.0,1323000000.0,632000000.0,1.06,1.05,0.56,39908000000.0,13948000000.0,12019000000.0,4036000000.0,12545000000.0,247000000.0,-279000000.0,22000000.0
TGT,2016-07-30,False,Q2,2016,10-Q,16169000000.0,1241000000.0,680000000.0,1.17,1.16,0.6,37288000000.0,11503000000.0,11003000000.0,1480000000.0,11577000000.0,1488000000.0,-669000000.0,-3385000000.0
TGT,2016-10-29,False,Q3,2016,10-Q,16441000000.0,1057000000.0,608000000.0,1.07,1.06,0.6,38603000000.0,12842000000.0,12642000000.0,1231000000.0,11069000000.0,2881000000.0,-1138000000.0,-4558000000.0
TGT,2017-01-28,False,FY,2016,10-K,69495000000.0,,2737000000.0,4.74,4.7,2.36,37431000000.0,11990000000.0,12708000000.0,2512000000.0,10953000000.0,5436000000.0,-1473000000.0,-5497000000.0
TGT,2017-04-29,False,Q1,2017,10-Q,16017000000.0,1178000000.0,681000000.0,1.23,1.23,0.6,37218000000.0,11739000000.0,12392000000.0,2680000000.0,11021000000.0,1303000000.0,-482000000.0,-653000000.0
TGT,2017-07-29,False,Q2,2017,10-Q,16429000000.0,1114000000.0,672000000.0,1.22,1.22,0.62,37366000000.0,11620000000.0,12729000000.0,239000000.0,11098000000.0,2923000000.0,-1261000000.0,-1883000000.0
TGT,2017-10-28,False,Q3,2017,10-Q,16667000000.0,869000000.0,480000000.0,0.88,0.88,0.62,40708000000.0,14709000000.0,15376000000.0,242000000.0,11137000000.0,4489000000.0,-2084000000.0,-2192000000.0
