symbol,end_date,amend,period_focus,fiscal_year,doc_type,revenues,op_income,net_income,eps_basic,eps_diluted,dividend,assets,cur_assets,cur_liab,cash,equity,cash_flow_op,cash_flow_inv,cash_flow_fin
TIF,2010-07-31,False,Q2,2011,10-Q,668760000.0,113606000.0,67675000.0,0.53,0.53,0.0,3446561000.0,2417393000.0,556682000.0,566725000.0,1966002000.0,-60111000.0,-99221000.0,-58365000.0
TIF,2010-10-31,False,Q3,2010,10-Q,681729000.0,97578000.0,55079000.0,0.44,0.43,0.0,3514787000.0,2475031000.0,445636000.0,482242000.0,1998556000.0,-15789000.0,-136473000.0,-154799000.0
TIF,2011-01-31,False,FY,2011,10-K,3085290000.0,594781000.0,368403000.0,2.91,2.87,0.0,3735669000.0,2684545000.0,479913000.0,681591000.0,2177475000.0,298925000.0,-186612000.0,-224799000.0
TIF,2011-04-30,False,Q1,2011,10-Q,761018000.0,135966000.0,81063000.0,0.64,0.63,0.0,3758132000.0,2690953000.0,396279000.0,604419000.0,2278248000.0,-44245000.0,-16410000.0,-22716000.0
TIF,2011-07-31,False,Q2,2011,10-Q,872712000.0,140540000.0,90043000.0,0.7,0.69,0.0,3930888000.0,2767504000.0,520752000.0,532981000.0,2351736000.0,43895000.0,-136702000.0,-56551000.0
TIF,2011-10-31,False,Q3,2011,10-Q,821767000.0,146177000.0,89689000.0,0.71,0.7,0.0,3898284000.0,2744507000.0,521908000.0,279111000.0,2312723000.0,-57154000.0,-194958000.0,-152086000.0
TIF,2012-01-31,False,FY,2011,10-K,3642937000.0,708426000.0,439190000.0,3.45,3.4,1.12,4158992000.0,2889675000.0,626677000.0,433954000.0,2348905000.0,210606000.0,-242583000.0,-213817000.0
TIF,2012-04-30,False,Q1,2012,10-Q,819170000.0,134985000.0,81534000.0,0.64,0.64,0.0,4206669000.0,2933114000.0,682363000.0,321582000.0,2378890000.0,-120589000.0,-58005000.0,63457000.0
TIF,2012-07-31,False,Q2,2012,10-Q,886569000.0,154580000.0,91801000.0,0.72,0.72,0.0,4324746000.0,3004714000.0,504758000.0,366080000.0,2408799000.0,-58085000.0,-91566000.0,88518000.0
TIF,2012-10-31,False,Q3,2012,10-Q,852741000.0,117295000.0,63179000.0,0.5,0.49,0.0,4449995000.0,3082806000.0,564422000.0,344512000.0,2467221000.0,21135000.0,-212744000.0,104085000.0
TIF,2013-01-31,False,FY,2012,10-K,3794249000.0,697217000.0,416157000.0,3.28,3.25,1.25,4630850000.0,3151589000.0,586592000.0,504838000.0,2611318000.0,328290000.0,-331146000.0,71446000.0
TIF,2013-04-30,False,Q1,2013,10-Q,895484000.0,141158000.0,83577000.0,0.66,0.65,0.0,4665756000.0,3184483000.0,597884000.0,464916000.0,2664446000.0,2283000.0,-37840000.0,-2205000.0
TIF,2013-07-31,False,Q2,2013,10-Q,925884000.0,176886000.0,106781000.0,0.84,0.83,0.34,4731718000.0,3239917000.0,588874000.0,489664000.0,2735296000.0,120080000.0,-89868000.0,-39978000.0
TIF,2013-10-31,False,Q3,2013,10-Q,911478000.0,153618000.0,94610000.0,0.74,0.73,0.34,4879501000.0,3362502000.0,644114000.0,521200000.0,2821954000.0,205132000.0,-151678000.0,-35382000.0
TIF,2014-01-31,False,FY,2013,10-K,4031130000.0,304329000.0,181369000.0,1.42,1.41,1.34,4752351000.0,3228388000.0,696740000.0,345778000.0,2733968000.0,154652000.0,-246781000.0,-65426000.0
TIF,2014-04-30,False,Q1,2014,10-Q,1012132000.0,209793000.0,125609000.0,0.97,0.97,0.34,4825514000.0,3333306000.0,640718000.0,359314000.0,2860589000.0,76616000.0,-32022000.0,-32856000.0
TIF,2014-07-31,False,Q2,2014,10-Q,992930000.0,208521000.0,124120000.0,0.96,0.96,0.38,4935825000.0,3450975000.0,670098000.0,398242000.0,2944428000.0,152796000.0,-62818000.0,-38380000.0
TIF,2014-10-31,False,Q3,2014,10-Q,959589000.0,168491000.0,38268000.0,0.3,0.29,0.38,4996989000.0,3510377000.0,634536000.0,349301000.0,2908690000.0,177779000.0,-156165000.0,-19749000.0
TIF,2015-01-31,False,FY,2014,10-K,4249913000.0,891429000.0,484179000.0,3.75,3.73,1.48,5180603000.0,3611387000.0,658033000.0,729957000.0,2850671000.0,615117000.0,-216989000.0,-23375000.0
TIF,2015-04-30,False,Q1,2015,10-Q,962400000.0,170000000.0,104900000.0,0.81,0.81,0.38,5150000000.0,3580000000.0,585300000.0,675800000.0,2886300000.0,143600000.0,-75400000.0,-119000000.0
TIF,2015-07-31,False,Q2,2015,10-Q,990500000.0,172800000.0,104900000.0,0.81,0.81,0.4,5180500000.0,3613700000.0,619400000.0,758500000.0,2894700000.0,309900000.0,-90900000.0,-187600000.0
TIF,2015-10-31,False,Q3,2015,10-Q,938200000.0,156400000.0,91000000.0,0.71,0.7,0.4,5165800000.0,3584800000.0,708500000.0,673200000.0,2871000000.0,427500000.0,-189900000.0,-295700000.0
TIF,2016-01-31,False,FY,2015,10-K,4104900000.0,760100000.0,463900000.0,3.61,3.59,1.58,5129700000.0,3508400000.0,729900000.0,843600000.0,2929500000.0,813600000.0,-278200000.0,-422300000.0
TIF,2016-04-30,False,Q1,2016,10-Q,891300000.0,134600000.0,87500000.0,0.69,0.69,0.4,5148200000.0,3522200000.0,717800000.0,779600000.0,2959300000.0,79100000.0,-12700000.0,-131500000.0
TIF,2016-07-31,False,Q2,2016,10-Q,931600000.0,174900000.0,105700000.0,0.84,0.84,0.45,5102900000.0,3476700000.0,697600000.0,666300000.0,2928700000.0,206000000.0,-111000000.0,-268500000.0
TIF,2016-10-31,False,Q3,2016,10-Q,949300000.0,155200000.0,95100000.0,0.76,0.76,0.45,5139100000.0,3509200000.0,635700000.0,727500000.0,2925100000.0,403600000.0,-172700000.0,-338800000.0
TIF,2017-01-31,False,FY,2016,10-K,4001800000.0,721200000.0,446100000.0,3.57,3.55,1.75,5097600000.0,3573600000.0,632800000.0,928000000.0,3028400000.0,702100000.0,-236800000.0,-382800000.0
TIF,2017-04-30,False,Q1,2017,10-Q,899600000.0,145600000.0,92900000.0,0.75,0.74,0.45,5106200000.0,3594500000.0,582500000.0,838800000.0,3074700000.0,113700000.0,-96300000.0,-105600000.0
TIF,2017-07-31,False,Q2,2017,10-Q,959700000.0,181300000.0,115000000.0,0.92,0.92,0.5,5269600000.0,3722000000.0,647800000.0,820800000.0,3158000000.0,286900000.0,-245100000.0,-149700000.0
TIF,2017-10-31,False,Q3,2017,10-Q,976200000.0,160300000.0,100200000.0,0.81,0.8,0.5,5314000000.0,3778200000.0,694300000.0,845000000.0,3169100000.0,431200000.0,-244000000.0,-280900000.0
