symbol,end_date,amend,period_focus,fiscal_year,doc_type,revenues,op_income,net_income,eps_basic,eps_diluted,dividend,assets,cur_assets,cur_liab,cash,equity,cash_flow_op,cash_flow_inv,cash_flow_fin
TJX,2009-08-01,False,Q2,2010,10-Q,4747528000.0,,261561000.0,0.62,0.61,0.12,7836000000.0,5211702000.0,3229511000.0,1426895000.0,2831912000.0,704734000.0,-293503000.0,505402000.0
TJX,2009-10-31,False,Q3,2009,10-Q,5244946000.0,,347799000.0,0.82,0.81,0.12,7983064000.0,5330657000.0,3246140000.0,1445648000.0,2940507000.0,1289221000.0,-397848000.0,63820000.0
TJX,2010-01-30,False,FY,2010,10-K,20288444000.0,,1213572000.0,2.9,2.84,0.48,7463977000.0,4803856000.0,2894986000.0,1614607000.0,2889276000.0,2271926000.0,-560277000.0,-583754000.0
TJX,2010-05-01,False,Q1,2011,10-Q,5016540000.0,,331434000.0,0.81,0.8,0.15,7754510000.0,5105417000.0,3014635000.0,1833270000.0,3039378000.0,527416000.0,-138155000.0,-176320000.0
TJX,2010-07-31,False,Q2,2011,10-Q,5068080000.0,,304984000.0,0.76,0.74,0.15,7686709000.0,4948919000.0,2974620000.0,1380169000.0,2973682000.0,665969000.0,-330882000.0,-570459000.0
TJX,2010-10-30,False,Q3,2011,10-Q,5525847000.0,,372309000.0,0.94,0.92,0.15,8182148000.0,5296642000.0,3229952000.0,1339065000.0,3109322000.0,1099192000.0,-533691000.0,-855112000.0
TJX,2011-01-29,False,FY,2011,10-K,21942193000.0,,1343141000.0,3.36,3.3,0.6,7971763000.0,5099527000.0,3133121000.0,1741751000.0,3099899000.0,1976481000.0,-647613000.0,-1223928000.0
TJX,2011-04-30,False,Q1,2012,10-Q,5220295000.0,,265951000.0,0.69,0.67,0.19,7984470000.0,5008421000.0,3101855000.0,1377146000.0,3123394000.0,143094000.0,-230384000.0,-300213000.0
TJX,2011-07-30,False,Q2,2012,10-Q,5468274000.0,,348338000.0,0.91,0.9,0.19,8097126000.0,5029069000.0,3191344000.0,977763000.0,3104989000.0,325721000.0,-441112000.0,-671016000.0
TJX,2011-10-29,False,Q3,2012,10-Q,5793128000.0,,406487000.0,1.08,1.06,0.19,8530980000.0,5418051000.0,3379500000.0,956932000.0,3183328000.0,830830000.0,-645155000.0,-980527000.0
TJX,2012-01-28,False,FY,2012,10-K,23191455000.0,-16605000.0,1496090000.0,1.97,1.93,0.38,8281605000.0,5132632000.0,3063423000.0,1507112000.0,3209290000.0,1916034000.0,-811041000.0,-1335712000.0
TJX,2012-04-28,False,Q1,2013,10-Q,5798086000.0,,419200000.0,0.56,0.55,0.115,8503079000.0,5231816000.0,3151716000.0,1563691000.0,3331813000.0,704558000.0,-331555000.0,-331825000.0
TJX,2012-07-28,False,Q2,2013,10-Q,5945559000.0,,421092000.0,0.57,0.56,0.115,8636641000.0,5340790000.0,3225489000.0,1620402000.0,3390017000.0,1307740000.0,-521030000.0,-666871000.0
TJX,2012-10-27,False,Q3,2013,10-Q,6410913000.0,,461551000.0,0.63,0.62,0.115,9172089000.0,5694665000.0,3598991000.0,1641915000.0,3466392000.0,2079963000.0,-848150000.0,-1102675000.0
TJX,2013-02-02,False,FY,2013,10-K,25878372000.0,,1906687000.0,2.6,2.55,0.46,9511855000.0,5711543000.0,3760596000.0,1811957000.0,3665937000.0,3045614000.0,-1276848000.0,-1475587000.0
TJX,2013-05-04,False,Q1,2014,10-Q,6189609000.0,,452890000.0,0.63,0.62,0.145,9840364000.0,5976143000.0,3498617000.0,1989835000.0,3762665000.0,280749000.0,-241567000.0,159108000.0
TJX,2013-08-03,False,Q2,2014,10-Q,6442424000.0,,479559000.0,0.67,0.66,0.145,9926043000.0,5950244000.0,3442881000.0,1858798000.0,3850139000.0,811279000.0,-501125000.0,-222062000.0
TJX,2013-11-02,False,Q3,2014,10-Q,6981876000.0,,622655000.0,0.88,0.86,0.145,10669239000.0,6623575000.0,4043741000.0,2010752000.0,4123771000.0,1633372000.0,-784797000.0,-618320000.0
TJX,2014-02-01,False,FY,2014,10-K,27422696000.0,,2137396000.0,3.0,2.94,0.58,10201022000.0,6067998000.0,3517843000.0,2149746000.0,4229893000.0,2590329000.0,-1035631000.0,-1143803000.0
TJX,2014-05-03,False,Q1,2015,10-Q,6491176000.0,,454317000.0,0.65,0.64,0.175,10429938000.0,6235550000.0,3705260000.0,2059296000.0,4283494000.0,473749000.0,-155060000.0,-428835000.0
TJX,2014-08-02,False,Q2,2015,10-Q,6917212000.0,,517624000.0,0.75,0.73,0.175,10921997000.0,6593763000.0,3824929000.0,2183330000.0,4274652000.0,1075984000.0,-410970000.0,-653562000.0
TJX,2014-11-01,False,Q3,2015,10-Q,7366066000.0,1049644000.0,594957000.0,0.86,0.85,0.175,11592048000.0,7154622000.0,4389582000.0,2153625000.0,4373808000.0,1812337000.0,-693821000.0,-1090584000.0
TJX,2015-01-31,False,FY,2015,10-K,29078407000.0,3930915000.0,2215128000.0,3.2,3.15,0.7,11128381000.0,6715061000.0,3929634000.0,2493775000.0,4264230000.0,3008369000.0,-954637000.0,-1559542000.0
TJX,2015-05-02,False,Q1,2016,10-Q,6865637000.0,845129000.0,474601000.0,0.7,0.69,0.21,11365946000.0,6872089000.0,4136536000.0,2259965000.0,4290290000.0,447539000.0,-242471000.0,-474599000.0
TJX,2015-08-01,False,Q2,2016,10-Q,7363731000.0,998236000.0,549335000.0,0.81,0.8,0.21,11341042000.0,6796837000.0,4160861000.0,1910770000.0,4276067000.0,928580000.0,-470833000.0,-1031994000.0
TJX,2015-10-31,False,Q3,2016,10-Q,7753495000.0,1041335000.0,587256000.0,0.88,0.86,0.21,11992433000.0,7348157000.0,4730078000.0,1723336000.0,4350461000.0,1656564000.0,-848838000.0,-1564527000.0
TJX,2016-01-30,False,FY,2016,10-K,30944938000.0,4100343000.0,2277658000.0,3.38,3.33,0.84,11499482000.0,6772560000.0,4402230000.0,2095473000.0,4307075000.0,2937343000.0,-1063115000.0,-2175855000.0
TJX,2016-04-30,False,Q1,2017,10-Q,7542356000.0,918886000.0,508346000.0,0.77,0.76,0.26,11704722000.0,6877701000.0,4296735000.0,1944155000.0,4534969000.0,420268000.0,-289141000.0,-379492000.0
TJX,2016-07-30,False,Q2,2017,10-Q,7882053000.0,1035194000.0,562174000.0,0.85,0.84,0.26,11670653000.0,6810674000.0,4314205000.0,1803648000.0,4451356000.0,1158619000.0,-567576000.0,-927858000.0
TJX,2016-10-29,False,Q3,2017,10-Q,8291688000.0,1083143000.0,549786000.0,0.84,0.83,0.26,12866836000.0,7942334000.0,4894514000.0,2375532000.0,4329811000.0,2087294000.0,-871282000.0,-931740000.0
TJX,2017-01-28,False,FY,2017,10-K,33183744000.0,4257759000.0,2298234000.0,3.51,3.46,1.04,12883808000.0,7750774000.0,4757656000.0,2929849000.0,4510599000.0,3601894000.0,-1214878000.0,-1561912000.0
TJX,2017-04-29,False,Q1,2018,10-Q,7784024000.0,948997000.0,536279000.0,0.83,0.82,0.3125,12763481000.0,7548500000.0,4605392000.0,2669495000.0,4553523000.0,448434000.0,-201757000.0,-484114000.0
TJX,2017-07-29,False,Q2,2018,10-Q,8357700000.0,1010422000.0,552957000.0,0.87,0.85,0.3125,12935615000.0,7567781000.0,4656533000.0,2449305000.0,4540804000.0,1103046000.0,-452816000.0,-1211745000.0
TJX,2017-10-28,False,Q3,2018,10-Q,8762220000.0,1123465000.0,641436000.0,1.01,1.0,0.3125,13877695000.0,8390034000.0,5467981000.0,2364244000.0,4645608000.0,1929423000.0,-799383000.0,-1735868000.0
