symbol,end_date,amend,period_focus,fiscal_year,doc_type,revenues,op_income,net_income,eps_basic,eps_diluted,dividend,assets,cur_assets,cur_liab,cash,equity,cash_flow_op,cash_flow_inv,cash_flow_fin
TMO,2009-06-27,False,Q2,2009,10-Q,2484100000.0,259000000.0,206900000.0,0.5,0.49,0.0,21155600000.0,4467000000.0,1523600000.0,1417400000.0,15076400000.0,734000000.0,-218600000.0,-397000000.0
TMO,2009-09-26,False,Q3,2009,10-Q,2531100000.0,275500000.0,221200000.0,0.5399999999999999,0.53,0.0,21418500000.0,4797600000.0,1593800000.0,1745700000.0,15399400000.0,1120600000.0,-276800000.0,-405100000.0
TMO,2009-12-31,False,FY,2009,10-K,10109700000.0,1048900000.0,850300000.0,2.06,2.01,0.0,21625000000.0,4530900000.0,1639300000.0,1564100000.0,15430900000.0,1659200000.0,-829500000.0,-557500000.0
TMO,2010-04-03,False,Q1,2010,10-Q,2675100000.0,293000000.0,232300000.0,0.57,0.56,0.0,21624600000.0,4528600000.0,1775700000.0,1431700000.0,15480000000.0,343100000.0,-277900000.0,-178100000.0
TMO,2010-07-03,False,Q2,2010,10-Q,2649000000.0,312000000.0,237300000.0,0.58,0.57,0.0,21280900000.0,4348000000.0,1616000000.0,1307400000.0,15345100000.0,626800000.0,-390500000.0,-491800000.0
TMO,2010-10-02,False,Q3,2010,10-Q,2683500000.0,318600000.0,268500000.0,0.67,0.66,0.0,21537000000.0,4171000000.0,1770600000.0,930200000.0,15396600000.0,1059600000.0,-706600000.0,-973100000.0
TMO,2010-12-31,False,FY,2010,10-K,10788700000.0,1264900000.0,1035600000.0,2.57,2.53,0.0,21349400000.0,4135000000.0,1709800000.0,917100000.0,15361000000.0,1497800000.0,-858900000.0,-1295100000.0
TMO,2011-04-02,False,Q1,2011,10-Q,2721400000.0,321500000.0,252200000.0,0.65,0.64,0.0,23430600000.0,6189300000.0,4146000000.0,2788700000.0,15254700000.0,338600000.0,-88900000.0,1651500000.0
TMO,2011-07-02,False,Q2,2011,10-Q,2897400000.0,265800000.0,523400000.0,1.37,1.36,0.0,24073800000.0,5004700000.0,1816800000.0,1356100000.0,15665700000.0,693300000.0,-1365900000.0,1125800000.0
TMO,2011-10-01,False,Q3,2011,10-Q,2973500000.0,315000000.0,265400000.0,0.7,0.69,0.0,26991500000.0,4734600000.0,2792500000.0,890300000.0,15195900000.0,1054000000.0,-5069400000.0,3997000000.0
TMO,2011-12-31,False,FY,2011,10-K,11725900000.0,1245200000.0,1329900000.0,3.49,3.46,0.0,26833700000.0,4821900000.0,3113100000.0,1016300000.0,15038100000.0,1691000000.0,-5142200000.0,3550600000.0
TMO,2012-03-31,False,Q1,2012,10-Q,3100300000.0,354900000.0,277300000.0,0.76,0.75,0.13,26822700000.0,4769500000.0,2845400000.0,788300000.0,15289000000.0,392000000.0,-66200000.0,-585000000.0
TMO,2012-06-30,False,Q2,2012,10-Q,3108100000.0,367800000.0,233800000.0,0.64,0.63,0.13,26361300000.0,4667000000.0,2703200000.0,732300000.0,15094400000.0,899500000.0,-304700000.0,-869000000.0
TMO,2012-09-29,False,Q3,2012,10-Q,3085700000.0,352200000.0,290400000.0,0.8,0.79,0.13,27578000000.0,4947300000.0,2522500000.0,832200000.0,15290500000.0,1379400000.0,-1266400000.0,-310300000.0
TMO,2012-12-31,False,FY,2012,10-K,12509900000.0,1482100000.0,1177900000.0,3.24,3.21,0.54,27444600000.0,4834800000.0,2093300000.0,851000000.0,15464700000.0,2039500000.0,-1325800000.0,-917700000.0
TMO,2013-03-30,False,Q1,2013,10-Q,3191500000.0,387100000.0,336200000.0,0.94,0.93,0.15,27410700000.0,5136100000.0,2302800000.0,1004100000.0,15599500000.0,298300000.0,-67100000.0,-27800000.0
TMO,2013-06-29,False,Q2,2013,10-Q,3240100000.0,375400000.0,277400000.0,0.77,0.76,0.15,27629500000.0,5641500000.0,2362900000.0,1408900000.0,15802800000.0,776700000.0,-132400000.0,2100000.0
TMO,2013-09-28,False,Q3,2013,10-Q,3191800000.0,392100000.0,317600000.0,0.88,0.86,0.15,28272500000.0,6210400000.0,2453000000.0,1845600000.0,16437300000.0,1282200000.0,-193300000.0,-13500000.0
TMO,2013-12-31,False,FY,2013,10-K,13090300000.0,1609600000.0,1273300000.0,3.53,3.48,0.6,31863400000.0,9880700000.0,3126000000.0,5826000000.0,16856100000.0,2010700000.0,-263300000.0,3310000000.0
TMO,2014-03-29,False,Q1,2014,10-Q,3903500000.0,875500000.0,543100000.0,1.38,1.36,0.15,46133700000.0,7306100000.0,5391500000.0,1497200000.0,20430600000.0,101200000.0,-12067900000.0,7635100000.0
TMO,2014-06-28,False,Q2,2014,10-Q,4321900000.0,348100000.0,278500000.0,0.7,0.69,0.15,44313400000.0,5944400000.0,6235600000.0,584900000.0,20658600000.0,989900000.0,-12074100000.0,5820900000.0
TMO,2014-09-27,False,Q3,2014,10-Q,4171400000.0,640300000.0,471600000.0,1.18,1.17,0.15,42690800000.0,5719900000.0,6222100000.0,534300000.0,20510600000.0,1665900000.0,-11656700000.0,4706800000.0
TMO,2014-12-31,False,FY,2014,10-K,16889600000.0,2503000000.0,1894400000.0,4.76,4.71,0.6,42852100000.0,6539800000.0,5349800000.0,1343500000.0,20548100000.0,2619600000.0,-11782700000.0,4796100000.0
TMO,2015-03-28,False,Q1,2015,10-Q,3918800000.0,487300000.0,385100000.0,0.97,0.96,0.15,41857300000.0,6180500000.0,6861000000.0,864600000.0,19914800000.0,80000000.0,-394300000.0,-100400000.0
TMO,2015-06-27,False,Q2,2015,10-Q,4270900000.0,595800000.0,511600000.0,1.28,1.27,0.15,41774400000.0,6236600000.0,6100400000.0,768400000.0,20679800000.0,844900000.0,-469300000.0,-929300000.0
TMO,2015-09-26,False,Q3,2015,10-Q,4123200000.0,562900000.0,476100000.0,1.19,1.18,0.15,41147100000.0,6025900000.0,5735100000.0,503400000.0,20850200000.0,1588800000.0,-576000000.0,-1747100000.0
TMO,2015-12-31,False,FY,2015,10-K,16965400000.0,2336200000.0,1975400000.0,4.96,4.92,0.6,40889000000.0,5741200000.0,4147300000.0,452100000.0,21350200000.0,2816900000.0,-1087400000.0,-2491300000.0
TMO,2016-04-02,False,Q1,2016,10-Q,4294800000.0,517900000.0,402200000.0,1.02,1.01,0.15,42952700000.0,6539000000.0,6322800000.0,826800000.0,20924400000.0,289100000.0,-1139300000.0,1188000000.0
TMO,2016-07-02,False,Q2,2016,10-Q,4535200000.0,637600000.0,516600000.0,1.31,1.3,0.15,42253400000.0,6331000000.0,5528200000.0,663100000.0,21263900000.0,1178600000.0,-1248000000.0,298800000.0
TMO,2016-10-01,False,Q3,2016,10-Q,4490900000.0,541100000.0,473500000.0,1.2,1.19,0.15,48010700000.0,8204400000.0,5259900000.0,1970000000.0,21658600000.0,1950400000.0,-5444000000.0,5052100000.0
TMO,2016-12-31,False,FY,2016,10-K,18274100000.0,2449200000.0,2021800000.0,5.12,5.09,0.6,45907500000.0,7021000000.0,4865800000.0,786200000.0,21539300000.0,3156300000.0,-5532100000.0,2860600000.0
TMO,2017-04-01,False,Q1,2017,10-Q,4765000000.0,622400000.0,551400000.0,1.41,1.4,0.15,46213600000.0,7248100000.0,5302900000.0,713300000.0,21795200000.0,361500000.0,-381900000.0,-119300000.0
TMO,2017-07-01,False,Q2,2017,10-Q,4990000000.0,751500000.0,611600000.0,1.57,1.56,0.15,46513700000.0,7452500000.0,5075800000.0,611000000.0,22391600000.0,1209900000.0,-477300000.0,-1082300000.0
TMO,2017-09-30,False,Q3,2017,10-Q,5116200000.0,636200000.0,533900000.0,1.35,1.34,0.15,55985300000.0,8844000000.0,7031300000.0,741100000.0,24701800000.0,2138500000.0,-7445600000.0,4998300000.0
