symbol,end_date,amend,period_focus,fiscal_year,doc_type,revenues,op_income,net_income,eps_basic,eps_diluted,dividend,assets,cur_assets,cur_liab,cash,equity,cash_flow_op,cash_flow_inv,cash_flow_fin
TSN,2010-07-03,False,Q3,2010,10-Q,7438000000.0,507000000.0,248000000.0,1.29,0.65,0.04,10467000000.0,4364000000.0,2162000000.0,834000000.0,4956000000.0,1108000000.0,-364000000.0,-915000000.0
TSN,2010-10-02,False,FY,2010,10-K,28430000000.0,1556000000.0,780000000.0,4.04,2.06,0.16,10752000000.0,4618000000.0,2545000000.0,978000000.0,5201000000.0,1432000000.0,-500000000.0,-959000000.0
TSN,2011-01-01,False,Q1,2011,10-Q,7615000000.0,498000000.0,298000000.0,1.54,0.78,0.04,11190000000.0,4953000000.0,2645000000.0,1122000000.0,5484000000.0,371000000.0,-214000000.0,-13000000.0
TSN,2011-04-02,False,Q2,2011,10-Q,8000000000.0,303000000.0,159000000.0,0.8200000000000001,0.42,0.04,11226000000.0,4937000000.0,2479000000.0,794000000.0,5688000000.0,254000000.0,-374000000.0,-71000000.0
TSN,2011-07-02,False,Q3,2011,10-Q,8247000000.0,312000000.0,196000000.0,1.01,0.51,0.04,11488000000.0,5172000000.0,2761000000.0,981000000.0,5783000000.0,686000000.0,-471000000.0,-217000000.0
TSN,2011-10-01,False,FY,2011,10-K,32266000000.0,1285000000.0,750000000.0,3.88,1.97,0.16,11071000000.0,4780000000.0,2374000000.0,716000000.0,5685000000.0,1046000000.0,-644000000.0,-658000000.0
TSN,2011-12-31,False,Q1,2012,10-Q,8329000000.0,278000000.0,156000000.0,0.8200000000000001,0.42,0.04,11227000000.0,4858000000.0,2374000000.0,857000000.0,5809000000.0,338000000.0,-176000000.0,-23000000.0
TSN,2012-03-31,False,Q2,2012,10-Q,8268000000.0,302000000.0,166000000.0,0.8899999999999999,0.44,0.036,11170000000.0,4750000000.0,2170000000.0,723000000.0,5935000000.0,454000000.0,-339000000.0,-113000000.0
TSN,2012-06-30,False,Q3,2012,10-Q,8308000000.0,336000000.0,76000000.0,0.4,0.21,0.036,11461000000.0,5005000000.0,2221000000.0,828000000.0,5905000000.0,719000000.0,-520000000.0,-84000000.0
TSN,2012-09-29,False,FY,2012,10-K,33278000000.0,1248000000.0,583000000.0,3.12,1.58,0.16,11896000000.0,5403000000.0,2830000000.0,1071000000.0,6042000000.0,1187000000.0,-660000000.0,-171000000.0
TSN,2012-12-29,False,Q1,2013,10-Q,8402000000.0,300000000.0,173000000.0,0.95,0.48,0.16,11874000000.0,5387000000.0,2846000000.0,951000000.0,6058000000.0,190000000.0,-152000000.0,-158000000.0
TSN,2013-03-30,False,Q2,2013,10-Q,8419000000.0,174000000.0,95000000.0,0.52,0.26,0.045,11789000000.0,5299000000.0,2732000000.0,762000000.0,6114000000.0,230000000.0,-333000000.0,-205000000.0
TSN,2013-06-29,False,Q3,2013,10-Q,8731000000.0,419000000.0,249000000.0,1.3599999999999999,0.68,0.05,12102000000.0,5527000000.0,2938000000.0,943000000.0,6247000000.0,772000000.0,-596000000.0,-300000000.0
TSN,2013-09-28,False,FY,2013,10-K,34374000000.0,1375000000.0,778000000.0,4.3,2.12,0.31,12177000000.0,5604000000.0,3010000000.0,1145000000.0,6233000000.0,1314000000.0,-643000000.0,-600000000.0
TSN,2013-12-28,False,Q1,2014,10-Q,8761000000.0,412000000.0,254000000.0,1.44,0.72,0.1,11844000000.0,5230000000.0,2606000000.0,825000000.0,6316000000.0,361000000.0,-144000000.0,-540000000.0
TSN,2014-03-29,False,Q2,2014,10-Q,9032000000.0,361000000.0,213000000.0,1.22,0.6,0.075,11886000000.0,5184000000.0,2505000000.0,438000000.0,6464000000.0,265000000.0,-344000000.0,-633000000.0
TSN,2014-06-28,False,Q3,2014,10-Q,9682000000.0,351000000.0,260000000.0,1.4300000000000002,0.73,0.075,12055000000.0,5513000000.0,2612000000.0,587000000.0,6710000000.0,543000000.0,-450000000.0,-654000000.0
TSN,2014-09-27,False,FY,2014,10-K,37580000000.0,1430000000.0,864000000.0,4.74,2.37,0.325,23956000000.0,6221000000.0,3797000000.0,438000000.0,8904000000.0,1178000000.0,-8800000000.0,6915000000.0
TSN,2014-12-27,False,Q1,2015,10-Q,10817000000.0,509000000.0,309000000.0,1.48,0.74,0.125,23758000000.0,5938000000.0,3954000000.0,381000000.0,9137000000.0,812000000.0,-89000000.0,-775000000.0
TSN,2015-03-28,False,Q2,2015,10-Q,9979000000.0,547000000.0,310000000.0,1.49,0.75,0.1,23526000000.0,5668000000.0,4051000000.0,223000000.0,9370000000.0,808000000.0,-291000000.0,-721000000.0
TSN,2015-06-27,False,Q3,2015,10-Q,10071000000.0,563000000.0,343000000.0,1.6400000000000001,0.83,0.1,23443000000.0,5589000000.0,4028000000.0,471000000.0,9683000000.0,1672000000.0,-426000000.0,-1203000000.0
TSN,2015-10-03,False,FY,2015,10-K,41373000000.0,2169000000.0,1220000000.0,5.85,2.95,0.425,23004000000.0,5381000000.0,3535000000.0,688000000.0,9706000000.0,2570000000.0,-270000000.0,-2035000000.0
TSN,2016-01-02,False,Q1,2016,10-Q,9152000000.0,776000000.0,461000000.0,2.27,1.15,0.2,23290000000.0,5677000000.0,3668000000.0,1187000000.0,9777000000.0,1095000000.0,-191000000.0,-404000000.0
TSN,2016-04-02,False,Q2,2016,10-Q,9170000000.0,704000000.0,432000000.0,2.16,1.1,0.15,22511000000.0,4927000000.0,2610000000.0,254000000.0,9807000000.0,1105000000.0,-352000000.0,-1189000000.0
TSN,2016-07-02,False,Q3,2016,10-Q,9403000000.0,767000000.0,484000000.0,2.46,1.25,0.15,22410000000.0,4881000000.0,2713000000.0,197000000.0,9806000000.0,1873000000.0,-502000000.0,-1867000000.0
TSN,2016-10-01,False,FY,2016,10-K,36881000000.0,2833000000.0,1768000000.0,8.91,4.53,0.65,22373000000.0,4888000000.0,2762000000.0,349000000.0,9624000000.0,2716000000.0,-684000000.0,-2377000000.0
TSN,2016-12-31,False,Q1,2017,10-Q,9182000000.0,982000000.0,593000000.0,3.13,1.59,0.3,22257000000.0,4742000000.0,2972000000.0,307000000.0,9567000000.0,1134000000.0,-214000000.0,-957000000.0
TSN,2017-04-01,False,Q2,2017,10-Q,9083000000.0,571000000.0,340000000.0,1.81,0.92,0.225,22596000000.0,5017000000.0,3106000000.0,243000000.0,9789000000.0,982000000.0,-478000000.0,-609000000.0
TSN,2017-07-01,False,Q3,2017,10-Q,9850000000.0,697000000.0,447000000.0,2.3600000000000003,1.21,0.225,28063000000.0,6288000000.0,3865000000.0,231000000.0,10137000000.0,1449000000.0,-3867000000.0,2299000000.0
TSN,2017-09-30,False,FY,2017,10-K,38260000000.0,2931000000.0,1774000000.0,9.39,4.79,0.975,28066000000.0,6258000000.0,4032000000.0,318000000.0,10559000000.0,2599000000.0,-4164000000.0,1530000000.0
