symbol,end_date,amend,period_focus,fiscal_year,doc_type,revenues,op_income,net_income,eps_basic,eps_diluted,dividend,assets,cur_assets,cur_liab,cash,equity,cash_flow_op,cash_flow_inv,cash_flow_fin
TSS,2010-06-30,False,Q2,2010,10-Q,433746000.0,79298000.0,49704000.0,0.25,0.25,0.0,1895864000.0,738403000.0,208655000.0,387993000.0,1253002000.0,195708000.0,-215826000.0,-36299000.0
TSS,2010-09-30,False,Q3,2010,10-Q,433236000.0,78914000.0,45743000.0,0.23,0.23,0.0,1920955000.0,747031000.0,219138000.0,372600000.0,1258672000.0,279902000.0,-259373000.0,-99194000.0
TSS,2010-12-31,False,FY,2010,10-K,1717577000.0,309429000.0,193947000.0,0.99,0.99,0.28,1952261000.0,721813000.0,227270000.0,394795000.0,1257805000.0,389160000.0,-361706000.0,-81676000.0
TSS,2011-03-31,False,Q1,2011,10-Q,429430000.0,73028000.0,48790000.0,0.25,0.25,0.0,1785025000.0,572011000.0,218416000.0,252488000.0,1245417000.0,102171000.0,-14420000.0,-230635000.0
TSS,2011-06-30,False,Q2,2011,10-Q,447554000.0,78529000.0,53747000.0,0.28,0.28,0.0,1832278000.0,587661000.0,229204000.0,263334000.0,1328658000.0,199294000.0,-84461000.0,-250428000.0
TSS,2011-09-30,False,Q3,2011,10-Q,459747000.0,81180000.0,58148000.0,0.3,0.3,0.0,1849050000.0,631791000.0,216479000.0,280713000.0,1317703000.0,297665000.0,-106373000.0,-307719000.0
TSS,2011-12-31,False,FY,2011,10-K,1808966000.0,322456000.0,220559000.0,1.15,1.15,0.31,1858392000.0,650181000.0,380576000.0,316337000.0,1321009000.0,436319000.0,-141420000.0,-371053000.0
TSS,2012-03-31,False,Q1,2012,10-Q,461162000.0,84831000.0,56395000.0,0.3,0.3,0.0,1906135000.0,712980000.0,383034000.0,370955000.0,1368224000.0,97913000.0,-19360000.0,-23294000.0
TSS,2012-06-30,False,Q2,2012,10-Q,462651000.0,92096000.0,66710000.0,0.35,0.35,0.0,1936541000.0,753840000.0,372098000.0,418643000.0,1413718000.0,203404000.0,-60322000.0,-38288000.0
TSS,2012-09-30,False,Q3,2012,10-Q,468059000.0,90893000.0,60312000.0,0.32,0.32,0.0,1969919000.0,690953000.0,221436000.0,356569000.0,1411711000.0,333987000.0,-153203000.0,-142143000.0
TSS,2012-12-31,False,FY,2012,10-K,1870972000.0,357652000.0,244280000.0,1.3,1.29,0.4,2023838000.0,574726000.0,230519000.0,247612000.0,1444935000.0,455753000.0,-309794000.0,-212965000.0
TSS,2013-03-31,False,Q1,2013,10-Q,464996000.0,74903000.0,57028000.0,0.31,0.3,0.0,2039194000.0,566702000.0,220197000.0,223097000.0,1472957000.0,52437000.0,-55759000.0,-16685000.0
TSS,2013-06-30,False,Q2,2013,10-Q,478443000.0,95314000.0,57716000.0,0.31,0.31,0.0,3188177000.0,1716637000.0,208424000.0,1374209000.0,1534818000.0,157248000.0,-79446000.0,1054894000.0
TSS,2013-09-30,False,Q3,2013,10-Q,588074000.0,105628000.0,64350000.0,0.34,0.34,0.0,3754886000.0,760581000.0,297652000.0,396860000.0,1624949000.0,307485000.0,-1434457000.0,1280083000.0
TSS,2013-12-31,False,FY,2013,10-K,2132353000.0,386247000.0,244750000.0,1.3,1.29,0.4,3686568000.0,653933000.0,297215000.0,278230000.0,1602426000.0,452398000.0,-1509836000.0,1091814000.0
TSS,2014-03-31,False,Q1,2014,10-Q,592848000.0,80697000.0,49303000.0,0.26,0.26,0.0,3721219000.0,688856000.0,327695000.0,274161000.0,1629681000.0,148706000.0,-48064000.0,-72474000.0
TSS,2014-06-30,False,Q2,2014,10-Q,602036000.0,98763000.0,109904000.0,0.59,0.58,0.0,3677909000.0,651938000.0,322892000.0,250957000.0,1625454000.0,239442000.0,-61539000.0,-207575000.0
TSS,2014-09-30,False,Q3,2014,10-Q,616891000.0,129407000.0,83805000.0,0.45,0.45,0.0,3720582000.0,688701000.0,301394000.0,266041000.0,1689460000.0,390114000.0,-164528000.0,-236189000.0
TSS,2014-12-31,False,FY,2014,10-K,2446877000.0,431640000.0,322872000.0,1.73,1.72,0.4,3733581000.0,690553000.0,296513000.0,289183000.0,1699644000.0,560201000.0,-226607000.0,-316473000.0
TSS,2015-03-31,False,Q1,2015,10-Q,662156000.0,122496000.0,77755000.0,0.42,0.42,0.0,3777438000.0,760640000.0,344493000.0,328112000.0,1714024000.0,158492000.0,-41714000.0,-73756000.0
TSS,2015-06-30,False,Q2,2015,10-Q,692652000.0,130602000.0,82839000.0,0.45,0.45,0.0,3812524000.0,787745000.0,331224000.0,349378000.0,1780167000.0,285293000.0,-97512000.0,-126244000.0
TSS,2015-09-30,False,Q3,2015,10-Q,707890000.0,163104000.0,120622000.0,0.66,0.65,0.0,3889522000.0,896324000.0,325361000.0,447850000.0,1881166000.0,460554000.0,-138618000.0,-158429000.0
TSS,2015-12-31,False,FY,2015,10-K,2779541000.0,534107000.0,364044000.0,1.98,1.97,0.4,3908300000.0,882902000.0,339218000.0,389328000.0,1848682000.0,600194000.0,-202184000.0,-290754000.0
TSS,2016-03-31,False,Q1,2016,10-Q,671644000.0,151687000.0,90628000.0,0.49,0.49,0.0,5423933000.0,2426434000.0,283697000.0,1932111000.0,1921541000.0,145828000.0,-44388000.0,1442012000.0
TSS,2016-06-30,False,Q2,2016,10-Q,794937000.0,135821000.0,69708000.0,0.38,0.38,0.0,6477033000.0,1009431000.0,363485000.0,465319000.0,1985428000.0,338961000.0,-2428856000.0,2170196000.0
TSS,2016-09-30,False,Q3,2016,10-Q,789588000.0,155327000.0,85352000.0,0.46,0.46,0.0,6375178000.0,984868000.0,369475000.0,446883000.0,2065669000.0,550960000.0,-2457138000.0,1969628000.0
TSS,2016-12-31,False,FY,2016,10-K,3041876000.0,573382000.0,319638000.0,1.74,1.73,0.4,6366177000.0,1022689000.0,420353000.0,425354000.0,2099920000.0,717909000.0,-2492876000.0,1822190000.0
TSS,2017-03-31,False,Q1,2017,10-Q,1184725000.0,167183000.0,105868000.0,0.58,0.57,0.0,6350680000.0,1050811000.0,452258000.0,464740000.0,2144730000.0,260161000.0,-32804000.0,-189549000.0
TSS,2017-06-30,False,Q2,2017,10-Q,1222375000.0,193248000.0,115014000.0,0.62,0.62,0.1,6277014000.0,1027008000.0,943180000.0,427589000.0,2264536000.0,400792000.0,-66302000.0,-335749000.0
TSS,2017-09-30,False,Q3,2017,10-Q,1247576000.0,199692000.0,122864000.0,0.67,0.66,0.0,6218890000.0,998838000.0,971680000.0,413622000.0,2356760000.0,652025000.0,-110795000.0,-558551000.0
