symbol,end_date,amend,period_focus,fiscal_year,doc_type,revenues,op_income,net_income,eps_basic,eps_diluted,dividend,assets,cur_assets,cur_liab,cash,equity,cash_flow_op,cash_flow_inv,cash_flow_fin
TWX,2009-06-30,False,Q2,2009,10-Q,6809000000.0,1183000000.0,519000000.0,0.43,0.43,0.1875,70920000000.0,15243000000.0,10974000000.0,7009000000.0,36545000000.0,2128000000.0,8874000000.0,-5174000000.0
TWX,2009-09-30,False,Q3,2009,10-Q,7135000000.0,1388000000.0,661000000.0,0.56,0.55,0.1875,71266000000.0,15252000000.0,11146000000.0,7126000000.0,36488000000.0,3482000000.0,8361000000.0,-5898000000.0
TWX,2009-12-31,False,FY,2009,10-K,25785000000.0,4545000000.0,2468000000.0,2.08,2.07,0.75,65730000000.0,13007000000.0,8765000000.0,4800000000.0,33726000000.0,3385000000.0,8242000000.0,-8543000000.0
TWX,2010-03-31,False,Q1,2010,10-Q,6322000000.0,1463000000.0,725000000.0,0.63,0.62,0.2125,66066000000.0,13393000000.0,8423000000.0,5167000000.0,33315000000.0,1356000000.0,-535000000.0,-364000000.0
TWX,2010-06-30,False,Q2,2010,10-Q,6377000000.0,1194000000.0,562000000.0,0.49,0.49,0.2125,65030000000.0,12631000000.0,7619000000.0,4238000000.0,33111000000.0,1388000000.0,-646000000.0,-1214000000.0
TWX,2010-09-30,False,Q3,2010,10-Q,6377000000.0,1347000000.0,522000000.0,0.46,0.46,0.2125,65220000000.0,12334000000.0,7783000000.0,4009000000.0,33014000000.0,2319000000.0,-826000000.0,-2194000000.0
TWX,2010-12-31,False,FY,2010,10-K,26888000000.0,5428000000.0,2578000000.0,2.27,2.25,0.85,66524000000.0,13138000000.0,8643000000.0,3663000000.0,32945000000.0,3314000000.0,-1436000000.0,-2924000000.0
TWX,2011-03-31,False,Q1,2011,10-Q,6683000000.0,1270000000.0,653000000.0,0.59,0.59,0.235,65742000000.0,11903000000.0,8149000000.0,3029000000.0,32241000000.0,825000000.0,-307000000.0,-1152000000.0
TWX,2011-06-30,False,Q2,2011,10-Q,7030000000.0,1266000000.0,638000000.0,0.6,0.59,0.235,66628000000.0,12439000000.0,7528000000.0,3520000000.0,31713000000.0,868000000.0,-590000000.0,-421000000.0
TWX,2011-09-30,False,Q3,2011,10-Q,7068000000.0,1596000000.0,822000000.0,0.79,0.78,0.235,66890000000.0,12082000000.0,8243000000.0,3245000000.0,31163000000.0,2146000000.0,-784000000.0,-1779000000.0
TWX,2011-12-31,False,FY,2011,10-K,28974000000.0,5805000000.0,2886000000.0,2.74,2.71,0.94,67801000000.0,13432000000.0,8922000000.0,3476000000.0,29954000000.0,3448000000.0,-1086000000.0,-2533000000.0
TWX,2012-03-31,False,Q1,2012,10-Q,6979000000.0,1247000000.0,583000000.0,0.6,0.59,0.26,66744000000.0,12291000000.0,9149000000.0,2877000000.0,29781000000.0,416000000.0,-187000000.0,-828000000.0
TWX,2012-06-30,False,Q2,2012,10-Q,6744000000.0,1063000000.0,430000000.0,0.45,0.44,0.26,65955000000.0,12090000000.0,7972000000.0,2470000000.0,29443000000.0,751000000.0,-513000000.0,-1244000000.0
TWX,2012-09-30,False,Q3,2012,10-Q,6842000000.0,1581000000.0,838000000.0,0.88,0.86,0.26,67485000000.0,12694000000.0,8879000000.0,3188000000.0,30019000000.0,2289000000.0,-946000000.0,-1631000000.0
TWX,2012-12-31,False,FY,2012,10-K,28729000000.0,5918000000.0,3019000000.0,3.14,3.09,1.04,68304000000.0,13288000000.0,9829000000.0,2841000000.0,29878000000.0,3442000000.0,-1246000000.0,-2831000000.0
TWX,2013-03-31,False,Q1,2013,10-Q,6939000000.0,1410000000.0,720000000.0,0.77,0.75,0.2875,66947000000.0,12624000000.0,8170000000.0,2493000000.0,29992000000.0,729000000.0,-9000000.0,-1068000000.0
TWX,2013-06-30,False,Q2,2013,10-Q,7435000000.0,1511000000.0,771000000.0,0.83,0.81,0.2875,66322000000.0,12229000000.0,7854000000.0,2063000000.0,29783000000.0,1644000000.0,-440000000.0,-1982000000.0
TWX,2013-09-30,False,Q3,2013,10-Q,6856000000.0,1844000000.0,1183000000.0,1.29,1.26,0.2875,66453000000.0,11581000000.0,7668000000.0,1567000000.0,29930000000.0,2831000000.0,-602000000.0,-3503000000.0
TWX,2013-12-31,False,FY,2013,10-K,29795000000.0,6605000000.0,3691000000.0,3.99,3.92,1.15,67994000000.0,12844000000.0,8383000000.0,1862000000.0,29904000000.0,3714000000.0,-910000000.0,-3783000000.0
TWX,2014-03-31,False,Q1,2014,10-Q,7545000000.0,1932000000.0,1292000000.0,1.45,1.42,0.3175,68199000000.0,13994000000.0,8278000000.0,3546000000.0,30044000000.0,1704000000.0,1068000000.0,-1088000000.0
TWX,2014-06-30,False,Q2,2014,10-Q,6788000000.0,1567000000.0,850000000.0,0.97,0.95,0.3175,64490000000.0,14183000000.0,7207000000.0,4480000000.0,25907000000.0,2057000000.0,1707000000.0,-911000000.0
TWX,2014-09-30,False,Q3,2014,10-Q,6243000000.0,971000000.0,967000000.0,1.13,1.11,0.3175,63095000000.0,12893000000.0,8724000000.0,3210000000.0,25230000000.0,2674000000.0,1582000000.0,-2678000000.0
TWX,2014-12-31,False,FY,2014,10-K,27359000000.0,5975000000.0,3827000000.0,4.42,4.34,1.27,63259000000.0,13180000000.0,9204000000.0,2618000000.0,24476000000.0,3681000000.0,1383000000.0,-3943000000.0
TWX,2015-03-31,False,Q1,2015,10-Q,7127000000.0,1786000000.0,970000000.0,1.17,1.15,0.35,62195000000.0,12495000000.0,8891000000.0,2260000000.0,24198000000.0,1009000000.0,-177000000.0,-1193000000.0
TWX,2015-06-30,False,Q2,2015,10-Q,7348000000.0,1859000000.0,971000000.0,1.18,1.16,0.35,63425000000.0,13810000000.0,9195000000.0,3122000000.0,24025000000.0,1800000000.0,-229000000.0,-1067000000.0
TWX,2015-09-30,False,Q3,2015,10-Q,6564000000.0,1834000000.0,1035000000.0,1.27,1.26,0.35,62674000000.0,12139000000.0,8403000000.0,1774000000.0,23648000000.0,3001000000.0,-501000000.0,-3340000000.0
TWX,2015-12-31,False,FY,2015,10-K,28118000000.0,6865000000.0,3833000000.0,4.69,4.62,1.4,63848000000.0,12513000000.0,8002000000.0,2155000000.0,23619000000.0,3851000000.0,-993000000.0,-3313000000.0
TWX,2016-03-31,False,Q1,2016,10-Q,7308000000.0,1996000000.0,1214000000.0,1.53,1.51,0.4025,63254000000.0,11792000000.0,7194000000.0,1540000000.0,23844000000.0,753000000.0,-155000000.0,-1213000000.0
TWX,2016-06-30,False,Q2,2016,10-Q,6952000000.0,1846000000.0,952000000.0,1.21,1.2,0.4025,64127000000.0,12962000000.0,6972000000.0,2496000000.0,23889000000.0,1966000000.0,-214000000.0,-1411000000.0
TWX,2016-09-30,False,Q3,2016,10-Q,7167000000.0,2014000000.0,1467000000.0,1.89,1.86,0.4025,65764000000.0,13264000000.0,7539000000.0,2308000000.0,24279000000.0,3534000000.0,-999000000.0,-2382000000.0
TWX,2016-12-31,False,FY,2016,10-K,29318000000.0,7547000000.0,3926000000.0,5.01,4.96,1.61,65966000000.0,13485000000.0,9703000000.0,1539000000.0,24337000000.0,4683000000.0,-1360000000.0,-3922000000.0
TWX,2017-03-31,False,Q1,2017,10-Q,7735000000.0,2076000000.0,1424000000.0,1.84,1.8,0.4025,65649000000.0,12908000000.0,8162000000.0,1450000000.0,25427000000.0,1461000000.0,-26000000.0,-1524000000.0
TWX,2017-06-30,False,Q2,2017,10-Q,7330000000.0,1692000000.0,1062000000.0,1.37,1.34,0.805,66096000000.0,13404000000.0,8839000000.0,1705000000.0,25989000000.0,2453000000.0,-226000000.0,-2061000000.0
TWX,2017-09-30,False,Q3,2017,10-Q,7595000000.0,2245000000.0,1372000000.0,1.76,1.73,0.4025,68343000000.0,14608000000.0,9851000000.0,2621000000.0,27268000000.0,3947000000.0,-532000000.0,-2333000000.0
