symbol,end_date,amend,period_focus,fiscal_year,doc_type,revenues,op_income,net_income,eps_basic,eps_diluted,dividend,assets,cur_assets,cur_liab,cash,equity,cash_flow_op,cash_flow_inv,cash_flow_fin
TXT,2009-07-04,False,Q2,2009,10-Q,2526000000.0,,-58000000.0,-0.22,-0.22,0.02,19844000000.0,5765000000.0,,1885000000.0,2920000000.0,-4000000.0,1080000000.0,250000000.0
TXT,2009-10-03,False,Q3,2009,10-Q,2478000000.0,,4000000.0,0.01,0.01,0.02,19958000000.0,6232000000.0,,2576000000.0,2962000000.0,538000000.0,1241000000.0,229000000.0
TXT,2010-01-02,False,FY,2009,10-K,10139000000.0,,-31000000.0,-0.12,-0.12,0.08,18940000000.0,5933000000.0,,1892000000.0,2826000000.0,1015000000.0,1939000000.0,-1633000000.0
TXT,2010-04-03,False,Q1,2010,10-Q,2134000000.0,,-8000000.0,-0.03,-0.03,0.02,18110000000.0,6019000000.0,2719000000.0,1509000000.0,2841000000.0,-88000000.0,639000000.0,-921000000.0
TXT,2010-07-03,False,Q2,2010,10-Q,2653000000.0,,82000000.0,0.3,0.27,0.02,17123000000.0,5596000000.0,,1191000000.0,2914000000.0,247000000.0,1039000000.0,-1974000000.0
TXT,2010-10-02,False,Q3,2010,10-Q,2420000000.0,,-48000000.0,-0.17,-0.17,0.02,16013000000.0,5146000000.0,,991000000.0,2986000000.0,759000000.0,1338000000.0,-2997000000.0
TXT,2011-01-01,False,FY,2010,10-K,10307000000.0,,86000000.0,0.31,0.28,0.08,15282000000.0,5047000000.0,,931000000.0,2972000000.0,984000000.0,1549000000.0,-3493000000.0
TXT,2011-04-02,False,Q1,2011,10-Q,2453000000.0,,29000000.0,0.1,0.09,0.02,15059000000.0,5399000000.0,,1022000000.0,3052000000.0,54000000.0,355000000.0,-327000000.0
TXT,2011-07-02,False,Q2,2011,10-Q,2695000000.0,196000000.0,90000000.0,0.32,0.29,0.02,14839000000.0,5441000000.0,,651000000.0,3174000000.0,217000000.0,501000000.0,-1009000000.0
TXT,2011-10-01,False,Q3,2011,10-Q,2782000000.0,,142000000.0,0.51,0.47,0.02,15281000000.0,6145000000.0,,1542000000.0,3312000000.0,660000000.0,648000000.0,-700000000.0
TXT,2011-12-31,False,FY,2011,10-K,11172000000.0,,242000000.0,0.87,0.79,0.08,13615000000.0,5263000000.0,,885000000.0,2745000000.0,1063000000.0,843000000.0,-1951000000.0
TXT,2012-03-31,False,Q1,2012,10-Q,2795000000.0,,118000000.0,0.42,0.4,0.02,13280000000.0,5190000000.0,,646000000.0,2915000000.0,-254000000.0,123000000.0,-112000000.0
TXT,2012-06-30,False,Q2,2012,10-Q,2964000000.0,,172000000.0,0.61,0.58,0.02,13068000000.0,5278000000.0,,911000000.0,3102000000.0,25000000.0,306000000.0,-304000000.0
TXT,2012-09-29,False,Q3,2012,10-Q,2936000000.0,,151000000.0,0.54,0.51,0.02,13065000000.0,5526000000.0,3215000000.0,1238000000.0,3308000000.0,397000000.0,339000000.0,-388000000.0
TXT,2012-12-29,False,FY,2012,10-K,12022000000.0,,589000000.0,2.1,2.0,0.08,13033000000.0,5389000000.0,3512000000.0,1413000000.0,2991000000.0,927000000.0,378000000.0,-781000000.0
TXT,2013-03-30,False,Q1,2013,10-Q,2813000000.0,,119000000.0,0.44,0.41,0.02,12557000000.0,5072000000.0,3202000000.0,791000000.0,3148000000.0,-399000000.0,16000000.0,-230000000.0
TXT,2013-06-29,False,Q2,2013,10-Q,2808000000.0,,113000000.0,0.4,0.4,0.02,12440000000.0,5158000000.0,2989000000.0,571000000.0,3380000000.0,-469000000.0,-68000000.0,-295000000.0
TXT,2013-09-28,False,Q3,2013,10-Q,2871000000.0,,99000000.0,0.35,0.35,0.02,12457000000.0,5189000000.0,2883000000.0,637000000.0,3580000000.0,-108000000.0,-31000000.0,-629000000.0
TXT,2013-12-28,False,FY,2013,10-K,11972000000.0,,498000000.0,1.78,1.75,0.08,12944000000.0,5572000000.0,3003000000.0,1211000000.0,4384000000.0,810000000.0,-264000000.0,-742000000.0
TXT,2014-03-29,False,Q1,2014,10-Q,2818000000.0,,85000000.0,0.3,0.3,0.02,14963000000.0,6335000000.0,3938000000.0,780000000.0,4363000000.0,-27000000.0,-1520000000.0,1116000000.0
TXT,2014-06-28,False,Q2,2014,10-Q,3478000000.0,,144000000.0,0.52,0.51,0.02,15135000000.0,6475000000.0,3957000000.0,815000000.0,4578000000.0,351000000.0,-1648000000.0,899000000.0
TXT,2014-09-27,False,Q3,2014,10-Q,3405000000.0,,159000000.0,0.57,0.57,0.02,14739000000.0,6200000000.0,3893000000.0,511000000.0,4572000000.0,566000000.0,-1725000000.0,464000000.0
TXT,2015-01-03,False,FY,2014,10-K,13775000000.0,,600000000.0,2.15,2.13,0.08,14605000000.0,6273000000.0,3638000000.0,822000000.0,4272000000.0,1208000000.0,-1919000000.0,335000000.0
TXT,2015-04-04,False,Q1,2015,10-Q,3051000000.0,,128000000.0,0.46,0.46,0.02,14738000000.0,6493000000.0,3734000000.0,708000000.0,4390000000.0,-21000000.0,-57000000.0,-31000000.0
TXT,2015-07-04,False,Q2,2015,10-Q,3223000000.0,,167000000.0,0.6,0.6,0.02,14948000000.0,6773000000.0,4063000000.0,792000000.0,4602000000.0,202000000.0,-135000000.0,-93000000.0
TXT,2015-10-03,False,Q3,2015,10-Q,3163000000.0,,176000000.0,0.64,0.63,0.02,14898000000.0,6737000000.0,4189000000.0,614000000.0,4696000000.0,415000000.0,-270000000.0,-344000000.0
TXT,2016-01-02,False,FY,2015,10-K,13340000000.0,,697000000.0,2.52,2.5,0.08,14708000000.0,6478000000.0,3792000000.0,1005000000.0,4964000000.0,1090000000.0,-388000000.0,-504000000.0
TXT,2016-04-02,False,Q1,2016,10-Q,3181000000.0,,150000000.0,0.55,0.55,0.02,15099000000.0,6737000000.0,3877000000.0,778000000.0,4989000000.0,-150000000.0,-225000000.0,144000000.0
TXT,2016-07-02,False,Q2,2016,10-Q,3491000000.0,,177000000.0,0.66,0.65,0.02,15034000000.0,6770000000.0,3698000000.0,743000000.0,5186000000.0,-31000000.0,-298000000.0,68000000.0
TXT,2016-10-01,False,Q3,2016,10-Q,3231000000.0,,421000000.0,1.56,1.55,0.02,15167000000.0,6867000000.0,3620000000.0,739000000.0,5651000000.0,143000000.0,-392000000.0,-14000000.0
TXT,2016-12-31,False,FY,2016,10-K,13710000000.0,,962000000.0,3.55,3.53,0.08,15358000000.0,7053000000.0,3893000000.0,1298000000.0,5574000000.0,1012000000.0,-523000000.0,-168000000.0
TXT,2017-04-01,False,Q1,2017,10-Q,3075000000.0,,101000000.0,0.37,0.37,0.02,15703000000.0,7126000000.0,4023000000.0,997000000.0,5582000000.0,-194000000.0,-366000000.0,251000000.0
TXT,2017-07-01,False,Q2,2017,10-Q,3586000000.0,,153000000.0,0.57,0.57,0.02,15775000000.0,7186000000.0,4005000000.0,1129000000.0,5682000000.0,266000000.0,-432000000.0,-18000000.0
TXT,2017-09-30,False,Q3,2017,10-Q,3466000000.0,,159000000.0,0.6,0.6,0.02,15875000000.0,7374000000.0,4041000000.0,1294000000.0,5818000000.0,361000000.0,-531000000.0,137000000.0
