symbol,end_date,amend,period_focus,fiscal_year,doc_type,revenues,op_income,net_income,eps_basic,eps_diluted,dividend,assets,cur_assets,cur_liab,cash,equity,cash_flow_op,cash_flow_inv,cash_flow_fin
UHS,2010-06-30,False,Q2,2010,10-Q,1338315000.0,129749000.0,65572000.0,0.68,0.67,0.0,3989757000.0,822219000.0,558124000.0,12337000.0,1930130000.0,219370000.0,-116640000.0,-99573000.0
UHS,2010-09-30,False,Q3,2010,10-Q,1323264000.0,104684000.0,55610000.0,0.57,0.57,0.0,4267714000.0,1078903000.0,1013426000.0,9629000.0,1988137000.0,399599000.0,-413262000.0,14112000.0
UHS,2010-12-31,False,FY,2010,10-K,5568185000.0,505697000.0,230183000.0,2.37,2.34,0.0,7527936000.0,1331116000.0,826299000.0,29474000.0,2023771000.0,501344000.0,-2194083000.0,1713033000.0
UHS,2011-03-31,False,Q1,2011,10-Q,1910528000.0,260413000.0,114193000.0,1.17,1.15,0.0,7613074000.0,1401184000.0,837182000.0,52076000.0,2139103000.0,183177000.0,-63712000.0,-96863000.0
UHS,2011-06-30,False,Q2,2011,10-Q,4417785000.0,232237000.0,103649000.0,1.06,1.04,0.05,7565753000.0,1368106000.0,784535000.0,34816000.0,2233166000.0,355776000.0,-125615000.0,-224819000.0
UHS,2011-09-30,False,Q3,2011,10-Q,4262510000.0,195528000.0,85054000.0,0.87,0.86,0.05,7605931000.0,1371949000.0,832894000.0,39147000.0,2269020000.0,562502000.0,-208195000.0,-344634000.0
UHS,2011-12-31,False,FY,2011,10-K,7500198000.0,897128000.0,-521000.0,4.09,4.04,0.2,7665245000.0,1364905000.0,836933000.0,41229000.0,2347118000.0,718251000.0,-285805000.0,-420691000.0
UHS,2012-03-31,False,Q1,2012,10-Q,1825289000.0,269028000.0,128607000.0,1.33,1.31,0.05,7783281000.0,1463145000.0,891990000.0,41999000.0,2478803000.0,127223000.0,-47103000.0,-79350000.0
UHS,2012-06-30,False,Q2,2012,10-Q,1729803000.0,230332000.0,107561000.0,1.11,1.1,0.05,7758648000.0,1456446000.0,883612000.0,32941000.0,2589659000.0,372862000.0,-161874000.0,-219276000.0
UHS,2012-09-30,False,Q3,2012,10-Q,1680353000.0,168712000.0,71817000.0,0.74,0.73,0.05,7781066000.0,1488424000.0,838348000.0,25652000.0,2663473000.0,535006000.0,-286443000.0,-264140000.0
UHS,2012-12-31,False,FY,2012,10-K,6961400000.0,942581000.0,443446000.0,4.57,4.53,0.6,8200843000.0,1407496000.0,894058000.0,23471000.0,2765949000.0,815271000.0,-789590000.0,-43439000.0
UHS,2013-03-31,False,Q1,2013,10-Q,1831632000.0,243922000.0,119784000.0,1.23,1.21,0.05,8316508000.0,1501351000.0,964069000.0,17395000.0,2886655000.0,187763000.0,-105674000.0,-88165000.0
UHS,2013-06-30,False,Q2,2013,10-Q,1834975000.0,304054000.0,151841000.0,1.55,1.53,0.05,8317253000.0,1483980000.0,1049150000.0,12558000.0,3043814000.0,406002000.0,-176652000.0,-240263000.0
UHS,2013-09-30,False,Q3,2013,10-Q,1816369000.0,224886000.0,114587000.0,1.17,1.15,0.05,8351743000.0,1503280000.0,1024317000.0,12122000.0,3162471000.0,591732000.0,-286306000.0,-316775000.0
UHS,2013-12-31,False,FY,2013,10-K,7283822000.0,1015463000.0,510733000.0,5.21,5.14,0.2,8311723000.0,1432329000.0,1059888000.0,17238000.0,3300229000.0,884241000.0,-383458000.0,-507016000.0
UHS,2014-03-31,False,Q1,2014,10-Q,1920166000.0,270976000.0,138078000.0,1.4,1.38,0.05,8431385000.0,1543113000.0,1110448000.0,16261000.0,3444155000.0,194639000.0,-90742000.0,-104874000.0
UHS,2014-06-30,False,Q2,2014,10-Q,2019821000.0,293432000.0,151671000.0,1.53,1.51,0.05,8548072000.0,1529881000.0,1115873000.0,14732000.0,3599308000.0,458416000.0,-254735000.0,-206187000.0
UHS,2014-09-30,False,Q3,2014,10-Q,2017758000.0,176611000.0,82797000.0,0.84,0.82,0.1,8961592000.0,1622094000.0,1165464000.0,39711000.0,3657326000.0,689554000.0,-707792000.0,40833000.0
UHS,2014-12-31,False,FY,2014,10-K,8065326000.0,1063305000.0,545343000.0,5.52,5.42,0.3,8974443000.0,1615138000.0,1182827000.0,32069000.0,3791080000.0,1035876000.0,-832846000.0,-187424000.0
UHS,2015-03-31,False,Q1,2015,10-Q,2225353000.0,327054000.0,174299000.0,1.76,1.73,0.1,9084355000.0,1717237000.0,1255272000.0,35078000.0,3964390000.0,271275000.0,-123776000.0,-144024000.0
UHS,2015-06-30,False,Q2,2015,10-Q,2275204000.0,335392000.0,182193000.0,1.84,1.8,0.1,9078559000.0,1708959000.0,1194311000.0,42464000.0,4121810000.0,531603000.0,-205080000.0,-316421000.0
UHS,2015-09-30,False,Q3,2015,10-Q,2227655000.0,275157000.0,150287000.0,1.52,1.48,0.1,9206878000.0,1696554000.0,1196196000.0,39523000.0,4193716000.0,796499000.0,-449937000.0,-338512000.0
UHS,2015-12-31,False,FY,2015,10-K,9043451000.0,1259395000.0,680528000.0,6.89,6.76,0.4,9634113000.0,1718304000.0,1100406000.0,61228000.0,4309161000.0,1020898000.0,-912885000.0,-77245000.0
UHS,2016-03-31,False,Q1,2016,10-Q,2449798000.0,356324000.0,190759000.0,1.95,1.93,0.1,9565009000.0,1635438000.0,1685440000.0,54590000.0,4351302000.0,464227000.0,-146757000.0,-323188000.0
UHS,2016-06-30,False,Q2,2016,10-Q,2430855000.0,333288000.0,185577000.0,1.91,1.89,0.1,9540930000.0,1606753000.0,1268034000.0,56273000.0,4367927000.0,801182000.0,-275240000.0,-528475000.0
UHS,2016-09-30,False,Q3,2016,10-Q,2409872000.0,277569000.0,151865000.0,1.56,1.54,0.1,9673639000.0,1587899000.0,1279479000.0,61744000.0,4463116000.0,1100105000.0,-532384000.0,-563942000.0
UHS,2016-12-31,False,FY,2016,10-K,9766210000.0,1281411000.0,702409000.0,7.22,7.14,0.4,10317802000.0,1681371000.0,1317373000.0,33747000.0,4597594000.0,1288474000.0,-1187217000.0,-125948000.0
UHS,2017-03-31,False,Q1,2017,10-Q,2612858000.0,353933000.0,206055000.0,2.13,2.12,0.1,10448259000.0,1732074000.0,1517427000.0,62974000.0,4801321000.0,483008000.0,-174626000.0,-279440000.0
UHS,2017-06-30,False,Q2,2017,10-Q,2612356000.0,330191000.0,185394000.0,1.93,1.91,0.1,10552487000.0,1763160000.0,1322229000.0,66446000.0,4877827000.0,533592000.0,-304510000.0,-197321000.0
UHS,2017-09-30,False,Q3,2017,10-Q,2541864000.0,257310000.0,141245000.0,1.48,1.47,0.1,10639360000.0,1755187000.0,1397497000.0,65424000.0,4930210000.0,878265000.0,-467704000.0,-380369000.0
