symbol,end_date,amend,period_focus,fiscal_year,doc_type,revenues,op_income,net_income,eps_basic,eps_diluted,dividend,assets,cur_assets,cur_liab,cash,equity,cash_flow_op,cash_flow_inv,cash_flow_fin
UNH,2009-06-30,False,Q2,2009,10-Q,21655000000.0,1440000000.0,859000000.0,0.73,0.73,0.0,55890000000.0,15684000000.0,19652000000.0,7247000000.0,21545000000.0,1604000000.0,-490000000.0,-1293000000.0
UNH,2009-09-30,False,Q3,2009,10-Q,21695000000.0,1676000000.0,1035000000.0,0.9,0.89,0.0,57449000000.0,17304000000.0,19745000000.0,9535000000.0,22898000000.0,4345000000.0,-114000000.0,-2122000000.0
UNH,2009-12-31,False,FY,2009,10-K,87138000000.0,6359000000.0,3822000000.0,3.27,3.24,0.03,59045000000.0,18200000000.0,22163000000.0,9800000000.0,23606000000.0,5625000000.0,-976000000.0,-2275000000.0
UNH,2010-03-31,False,Q1,2010,10-Q,23193000000.0,2016000000.0,1191000000.0,1.04,1.03,0.0,59541000000.0,18379000000.0,22942000000.0,9920000000.0,24319000000.0,1205000000.0,-583000000.0,-502000000.0
UNH,2010-06-30,False,Q2,2010,10-Q,23264000000.0,1901000000.0,1123000000.0,1.0,0.99,0.155,60424000000.0,18982000000.0,23103000000.0,9983000000.0,24829000000.0,1928000000.0,-818000000.0,-927000000.0
UNH,2010-09-30,False,Q3,2010,10-Q,23668000000.0,2145000000.0,1277000000.0,1.15,1.14,0.125,63023000000.0,18256000000.0,24442000000.0,9577000000.0,25611000000.0,4832000000.0,-3634000000.0,-1421000000.0
UNH,2010-12-31,False,FY,2010,10-K,94155000000.0,7864000000.0,4634000000.0,4.14,4.1,0.405,63063000000.0,18393000000.0,23700000000.0,9123000000.0,25825000000.0,6273000000.0,-5339000000.0,-1611000000.0
UNH,2011-03-31,False,Q1,2011,10-Q,25432000000.0,2221000000.0,1346000000.0,1.24,1.22,0.125,65335000000.0,19818000000.0,24527000000.0,9790000000.0,26571000000.0,1224000000.0,-1337000000.0,780000000.0
UNH,2011-06-30,False,Q2,2011,10-Q,25234000000.0,2099000000.0,1267000000.0,1.18,1.16,0.1625,66115000000.0,20429000000.0,24374000000.0,9775000000.0,27363000000.0,2419000000.0,-1558000000.0,-209000000.0
UNH,2011-09-30,False,Q3,2011,10-Q,25280000000.0,2070000000.0,1271000000.0,1.19,1.17,0.1625,70910000000.0,24508000000.0,28618000000.0,13679000000.0,27872000000.0,7383000000.0,-2923000000.0,96000000.0
UNH,2011-12-31,False,FY,2011,10-K,101862000000.0,8464000000.0,5142000000.0,4.81,4.73,0.6125,67889000000.0,20350000000.0,23922000000.0,9429000000.0,28292000000.0,6968000000.0,-4172000000.0,-2490000000.0
UNH,2012-03-31,False,Q1,2012,10-Q,27282000000.0,2317000000.0,1388000000.0,1.34,1.31,0.1625,72690000000.0,22690000000.0,27462000000.0,11661000000.0,28856000000.0,3586000000.0,-2398000000.0,1044000000.0
UNH,2012-06-30,False,Q2,2012,10-Q,27265000000.0,2226000000.0,1337000000.0,1.3,1.27,0.2125,73465000000.0,22727000000.0,27623000000.0,11578000000.0,29375000000.0,5771000000.0,-3403000000.0,-219000000.0
UNH,2012-09-30,False,Q3,2012,10-Q,27302000000.0,2610000000.0,1557000000.0,1.52,1.5,0.2125,71700000000.0,20331000000.0,24853000000.0,8916000000.0,30223000000.0,5473000000.0,-4460000000.0,-1526000000.0
UNH,2012-12-31,False,FY,2012,10-K,110618000000.0,9254000000.0,5526000000.0,5.38,5.28,0.8,80885000000.0,21052000000.0,27116000000.0,8406000000.0,31178000000.0,7155000000.0,-8649000000.0,471000000.0
UNH,2013-03-31,False,Q1,2013,10-Q,30340000000.0,2139000000.0,1192000000.0,1.17,1.16,0.2125,83126000000.0,22717000000.0,27183000000.0,10038000000.0,31757000000.0,1053000000.0,-904000000.0,1503000000.0
UNH,2013-06-30,False,Q2,2013,10-Q,30408000000.0,2401000000.0,1436000000.0,1.42,1.4,0.28,80201000000.0,20618000000.0,26405000000.0,7654000000.0,31381000000.0,2527000000.0,-1018000000.0,-2167000000.0
UNH,2013-09-30,False,Q3,2013,10-Q,30624000000.0,2631000000.0,1570000000.0,1.56,1.53,0.28,81863000000.0,21194000000.0,27867000000.0,8286000000.0,32016000000.0,5923000000.0,-2273000000.0,-3683000000.0
UNH,2013-12-31,False,FY,2013,10-K,122489000000.0,9623000000.0,5625000000.0,5.59,5.5,1.0525,81882000000.0,20380000000.0,27881000000.0,7276000000.0,32149000000.0,6991000000.0,-3089000000.0,-4946000000.0
UNH,2014-03-31,False,Q1,2014,10-Q,31708000000.0,2054000000.0,1099000000.0,1.12,1.1,0.28,84622000000.0,22364000000.0,30716000000.0,7514000000.0,32549000000.0,1408000000.0,-603000000.0,-573000000.0
UNH,2014-06-30,False,Q2,2014,10-Q,32574000000.0,2552000000.0,1408000000.0,1.44,1.42,0.375,85466000000.0,22851000000.0,30776000000.0,6412000000.0,32935000000.0,2422000000.0,-878000000.0,-2422000000.0
UNH,2014-09-30,False,Q3,2014,10-Q,32759000000.0,2903000000.0,1602000000.0,1.65,1.63,0.375,85426000000.0,22963000000.0,31130000000.0,7233000000.0,32604000000.0,5622000000.0,-1858000000.0,-3810000000.0
UNH,2014-12-31,False,FY,2014,10-K,130474000000.0,10274000000.0,5619000000.0,5.78,5.7,1.405,86382000000.0,23556000000.0,30623000000.0,7495000000.0,32454000000.0,8051000000.0,-2534000000.0,-5293000000.0
UNH,2015-03-31,False,Q1,2015,10-Q,35756000000.0,2640000000.0,1413000000.0,1.48,1.46,0.375,89719000000.0,26774000000.0,34978000000.0,8650000000.0,31878000000.0,2269000000.0,-1525000000.0,496000000.0
UNH,2015-06-30,False,Q2,2015,10-Q,36263000000.0,2895000000.0,1585000000.0,1.66,1.64,0.5,91423000000.0,27566000000.0,35741000000.0,7887000000.0,33020000000.0,3432000000.0,-2850000000.0,-121000000.0
UNH,2015-09-30,False,Q3,2015,10-Q,41489000000.0,3018000000.0,1597000000.0,1.68,1.65,0.5,108272000000.0,29935000000.0,39953000000.0,7983000000.0,33122000000.0,6229000000.0,-17420000000.0,11830000000.0
UNH,2015-12-31,False,FY,2015,10-K,157107000000.0,11021000000.0,5813000000.0,6.1,6.01,1.875,111383000000.0,31639000000.0,42898000000.0,10923000000.0,33725000000.0,9740000000.0,-18395000000.0,12239000000.0
UNH,2016-03-31,False,Q1,2016,10-Q,44527000000.0,2960000000.0,1611000000.0,1.69,1.67,0.5,117855000000.0,33745000000.0,46285000000.0,10596000000.0,35067000000.0,2318000000.0,-4181000000.0,1502000000.0
UNH,2016-06-30,False,Q2,2016,10-Q,46485000000.0,3203000000.0,1754000000.0,1.84,1.81,0.625,119603000000.0,33298000000.0,47376000000.0,8217000000.0,36287000000.0,4001000000.0,-6413000000.0,-359000000.0
UNH,2016-09-30,False,Q3,2016,10-Q,46293000000.0,3580000000.0,1968000000.0,2.07,2.03,0.625,123642000000.0,35768000000.0,51096000000.0,12796000000.0,37554000000.0,11204000000.0,-8741000000.0,-660000000.0
UNH,2016-12-31,False,FY,2016,10-K,184840000000.0,12930000000.0,7017000000.0,7.37,7.25,2.375,122810000000.0,33879000000.0,49252000000.0,10430000000.0,38177000000.0,9795000000.0,-9355000000.0,-1011000000.0
UNH,2017-03-31,False,Q1,2017,10-Q,48723000000.0,3413000000.0,2172000000.0,2.28,2.23,0.625,137157000000.0,40989000000.0,57543000000.0,16142000000.0,43995000000.0,6456000000.0,-2289000000.0,1525000000.0
UNH,2017-06-30,False,Q2,2017,10-Q,50053000000.0,3731000000.0,2284000000.0,2.37,2.32,0.75,138097000000.0,41239000000.0,57121000000.0,14582000000.0,45336000000.0,8627000000.0,-3656000000.0,-812000000.0
UNH,2017-09-30,False,Q3,2017,10-Q,50322000000.0,4088000000.0,2485000000.0,2.57,2.51,0.75,140432000000.0,40921000000.0,58088000000.0,16269000000.0,47310000000.0,16173000000.0,-5895000000.0,-4457000000.0
