symbol,end_date,amend,period_focus,fiscal_year,doc_type,revenues,op_income,net_income,eps_basic,eps_diluted,dividend,assets,cur_assets,cur_liab,cash,equity,cash_flow_op,cash_flow_inv,cash_flow_fin
UNP,2009-06-30,False,Q2,2009,10-Q,3303000000.0,751000000.0,468000000.0,0.93,0.92,0.27,41550000000.0,3346000000.0,2834000000.0,1656000000.0,16019000000.0,1521000000.0,-1152000000.0,38000000.0
UNP,2009-09-30,False,Q3,2009,10-Q,3671000000.0,967000000.0,517000000.0,1.03,1.02,0.27,41689000000.0,3217000000.0,2748000000.0,1435000000.0,16429000000.0,2222000000.0,-1741000000.0,-295000000.0
UNP,2009-12-31,False,FY,2009,10-K,14143000000.0,3392000000.0,1898000000.0,3.77,3.75,1.08,42410000000.0,3680000000.0,2682000000.0,1850000000.0,16941000000.0,3234000000.0,-2175000000.0,-458000000.0
UNP,2010-03-31,False,Q1,2010,10-Q,3965000000.0,988000000.0,516000000.0,1.02,1.01,0.27,42712000000.0,4112000000.0,2909000000.0,1753000000.0,17213000000.0,656000000.0,-495000000.0,-258000000.0
UNP,2010-06-30,False,Q2,2010,10-Q,4182000000.0,1279000000.0,711000000.0,1.42,1.4,0.33,42535000000.0,3702000000.0,3035000000.0,1317000000.0,17323000000.0,1695000000.0,-1068000000.0,-1160000000.0
UNP,2010-09-30,False,Q3,2010,10-Q,4408000000.0,1401000000.0,778000000.0,1.58,1.56,0.33,43001000000.0,3910000000.0,3185000000.0,1358000000.0,17436000000.0,2720000000.0,-1673000000.0,-1539000000.0
UNP,2010-12-31,False,FY,2010,10-K,16965000000.0,4981000000.0,2780000000.0,5.58,5.53,1.31,43088000000.0,3432000000.0,2952000000.0,1086000000.0,17763000000.0,4105000000.0,-2488000000.0,-2381000000.0
UNP,2011-03-31,False,Q1,2011,10-Q,4490000000.0,1137000000.0,639000000.0,1.31,1.29,0.38,43587000000.0,3677000000.0,2947000000.0,1248000000.0,18046000000.0,1294000000.0,-657000000.0,-475000000.0
UNP,2011-06-30,False,Q2,2011,10-Q,4858000000.0,1392000000.0,785000000.0,1.61,1.59,0.475,44029000000.0,3699000000.0,3153000000.0,1055000000.0,18306000000.0,2640000000.0,-1366000000.0,-1305000000.0
UNP,2011-09-30,False,Q3,2011,10-Q,5101000000.0,1578000000.0,904000000.0,1.87,1.85,0.475,45066000000.0,4214000000.0,3724000000.0,1647000000.0,18565000000.0,4334000000.0,-2241000000.0,-1532000000.0
UNP,2011-12-31,False,FY,2011,10-K,19557000000.0,5724000000.0,3292000000.0,6.78,6.72,1.93,45096000000.0,3727000000.0,3317000000.0,1217000000.0,18578000000.0,5873000000.0,-3119000000.0,-2623000000.0
UNP,2012-03-31,False,Q1,2012,10-Q,5112000000.0,1510000000.0,863000000.0,1.81,1.79,0.6,45336000000.0,3565000000.0,3902000000.0,995000000.0,18755000000.0,1404000000.0,-830000000.0,-796000000.0
UNP,2012-06-30,False,Q2,2012,10-Q,5221000000.0,1724000000.0,1002000000.0,2.11,2.1,0.6,46374000000.0,3956000000.0,3917000000.0,1201000000.0,19087000000.0,2776000000.0,-1882000000.0,-910000000.0
UNP,2012-09-30,False,Q3,2012,10-Q,5343000000.0,1786000000.0,1042000000.0,2.21,2.19,0.6,47070000000.0,3946000000.0,3874000000.0,1130000000.0,19549000000.0,4366000000.0,-2866000000.0,-1587000000.0
UNP,2012-12-31,False,FY,2012,10-K,20926000000.0,6745000000.0,3943000000.0,8.33,8.27,2.49,47153000000.0,3614000000.0,3119000000.0,1063000000.0,19877000000.0,6161000000.0,-3633000000.0,-2682000000.0
UNP,2013-03-31,False,Q1,2013,10-Q,5290000000.0,1633000000.0,957000000.0,2.05,2.03,0.69,48561000000.0,4646000000.0,3610000000.0,1917000000.0,20144000000.0,1524000000.0,-800000000.0,130000000.0
UNP,2013-06-30,False,Q2,2013,10-Q,5470000000.0,1878000000.0,1106000000.0,2.38,2.37,0.69,49026000000.0,4543000000.0,3825000000.0,1845000000.0,20524000000.0,3218000000.0,-1739000000.0,-697000000.0
UNP,2013-09-30,False,Q3,2013,10-Q,5573000000.0,1962000000.0,1151000000.0,2.49,2.48,0.79,48958000000.0,4064000000.0,3655000000.0,1366000000.0,20774000000.0,4881000000.0,-2596000000.0,-1982000000.0
UNP,2013-12-31,False,FY,2013,10-K,21963000000.0,7446000000.0,4388000000.0,9.47,9.42,2.96,49731000000.0,3990000000.0,3791000000.0,1432000000.0,21225000000.0,6823000000.0,-3405000000.0,-3049000000.0
UNP,2014-03-31,False,Q1,2014,10-Q,5638000000.0,1854000000.0,1088000000.0,2.4,2.38,0.91,50898000000.0,4679000000.0,4188000000.0,1857000000.0,21272000000.0,1767000000.0,-905000000.0,-437000000.0
UNP,2014-06-30,False,Q2,2014,10-Q,6015000000.0,2196000000.0,1291000000.0,1.43,1.43,0.455,51562000000.0,4503000000.0,3777000000.0,1537000000.0,21440000000.0,3221000000.0,-2178000000.0,-938000000.0
UNP,2014-09-30,False,Q3,2014,10-Q,6182000000.0,2330000000.0,1370000000.0,1.53,1.53,0.5,52568000000.0,4780000000.0,3833000000.0,1887000000.0,21553000000.0,5358000000.0,-3325000000.0,-1578000000.0
UNP,2014-12-31,False,FY,2014,10-K,23988000000.0,8753000000.0,5180000000.0,5.77,5.75,1.91,52716000000.0,4679000000.0,3765000000.0,1586000000.0,21189000000.0,7385000000.0,-4249000000.0,-2982000000.0
UNP,2015-03-31,False,Q1,2015,10-Q,5614000000.0,1977000000.0,1151000000.0,1.31,1.3,0.55,53145000000.0,4479000000.0,3390000000.0,1587000000.0,21057000000.0,2064000000.0,-1142000000.0,-921000000.0
UNP,2015-06-30,False,Q2,2015,10-Q,5429000000.0,1949000000.0,1204000000.0,1.38,1.38,0.55,54177000000.0,4983000000.0,3413000000.0,2041000000.0,20990000000.0,3773000000.0,-2136000000.0,-1182000000.0
UNP,2015-09-30,False,Q3,2015,10-Q,5562000000.0,2208000000.0,1300000000.0,1.51,1.5,0.55,53763000000.0,3942000000.0,3508000000.0,1078000000.0,20599000000.0,5625000000.0,-3250000000.0,-2883000000.0
UNP,2015-12-31,False,FY,2015,10-K,21813000000.0,8052000000.0,4772000000.0,5.51,5.49,2.2,54600000000.0,4130000000.0,3206000000.0,1391000000.0,20702000000.0,7344000000.0,-4476000000.0,-3063000000.0
UNP,2016-03-31,False,Q1,2016,10-Q,4829000000.0,1687000000.0,979000000.0,1.16,1.16,0.55,55772000000.0,5083000000.0,3287000000.0,2673000000.0,20475000000.0,2173000000.0,-672000000.0,-219000000.0
UNP,2016-06-30,False,Q2,2016,10-Q,4770000000.0,1660000000.0,979000000.0,1.17,1.17,0.55,55690000000.0,4566000000.0,3095000000.0,1830000000.0,20422000000.0,3525000000.0,-1838000000.0,-1248000000.0
UNP,2016-09-30,False,Q3,2016,10-Q,5174000000.0,1960000000.0,1131000000.0,1.36,1.36,0.55,56305000000.0,4602000000.0,3257000000.0,1909000000.0,20284000000.0,5467000000.0,-2819000000.0,-2130000000.0
UNP,2016-12-31,False,FY,2016,10-K,19941000000.0,7272000000.0,4233000000.0,5.09,5.07,2.255,55718000000.0,3596000000.0,3640000000.0,1277000000.0,19932000000.0,7525000000.0,-3393000000.0,-4246000000.0
UNP,2017-03-31,False,Q1,2017,10-Q,5132000000.0,1793000000.0,1072000000.0,1.32,1.32,0.605,55900000000.0,3588000000.0,3848000000.0,1049000000.0,19723000000.0,1883000000.0,-843000000.0,-1268000000.0
UNP,2017-06-30,False,Q2,2017,10-Q,5250000000.0,2005000000.0,1168000000.0,1.45,1.45,0.605,56478000000.0,3869000000.0,3406000000.0,1286000000.0,19615000000.0,3459000000.0,-1564000000.0,-1886000000.0
UNP,2017-09-30,False,Q3,2017,10-Q,5408000000.0,2012000000.0,1194000000.0,1.5,1.5,0.605,57397000000.0,4449000000.0,3831000000.0,1847000000.0,19151000000.0,5398000000.0,-2260000000.0,-2568000000.0
