symbol,end_date,amend,period_focus,fiscal_year,doc_type,revenues,op_income,net_income,eps_basic,eps_diluted,dividend,assets,cur_assets,cur_liab,cash,equity,cash_flow_op,cash_flow_inv,cash_flow_fin
UPS,2009-06-30,False,Q2,2009,10-Q,10829000000.0,895000000.0,445000000.0,0.45,0.44,0.0,32540000000.0,10182000000.0,7157000000.0,2818000000.0,6793000000.0,3155000000.0,-415000000.0,-435000000.0
UPS,2009-09-30,False,Q3,2009,10-Q,11153000000.0,929000000.0,549000000.0,0.55,0.55,0.0,32211000000.0,9566000000.0,6774000000.0,2242000000.0,7046000000.0,4233000000.0,-879000000.0,-1661000000.0
UPS,2009-12-31,False,FY,2009,10-K,45297000000.0,3801000000.0,2152000000.0,2.16,2.14,0.0,31883000000.0,9275000000.0,6239000000.0,1542000000.0,7696000000.0,5285000000.0,-1248000000.0,-3045000000.0
UPS,2010-03-31,False,Q1,2010,10-Q,11728000000.0,1042000000.0,533000000.0,0.54,0.53,0.0,32504000000.0,10060000000.0,7366000000.0,2544000000.0,7613000000.0,1549000000.0,-250000000.0,-257000000.0
UPS,2010-06-30,False,Q2,2010,10-Q,12204000000.0,1402000000.0,845000000.0,0.85,0.84,0.0,33269000000.0,11024000000.0,7687000000.0,3252000000.0,7930000000.0,3012000000.0,-608000000.0,-646000000.0
UPS,2010-09-30,False,Q3,2010,10-Q,12192000000.0,1616000000.0,991000000.0,1.0,0.99,0.0,32907000000.0,10756000000.0,6801000000.0,3020000000.0,8526000000.0,3923000000.0,-493000000.0,-1939000000.0
UPS,2010-12-31,False,FY,2010,10-K,49545000000.0,5874000000.0,3488000000.0,3.51,3.48,1.88,33597000000.0,11569000000.0,5902000000.0,3370000000.0,8047000000.0,3835000000.0,-654000000.0,-1346000000.0
UPS,2011-03-31,False,Q1,2011,10-Q,12582000000.0,1426000000.0,885000000.0,0.89,0.88,0.52,34594000000.0,12618000000.0,7605000000.0,4657000000.0,8234000000.0,1281000000.0,-282000000.0,247000000.0
UPS,2011-06-30,False,Q2,2011,10-Q,13191000000.0,1698000000.0,1063000000.0,1.08,1.07,0.0,35152000000.0,12950000000.0,7618000000.0,4691000000.0,8329000000.0,3314000000.0,-1069000000.0,-971000000.0
UPS,2011-09-30,False,Q3,2011,10-Q,13166000000.0,1619000000.0,1042000000.0,1.07,1.06,0.0,35238000000.0,12628000000.0,7511000000.0,4133000000.0,7869000000.0,5362000000.0,-2116000000.0,-2484000000.0
UPS,2011-12-31,False,FY,2011,10-K,53105000000.0,6080000000.0,3804000000.0,3.88,3.84,2.08,34701000000.0,12284000000.0,6514000000.0,3034000000.0,7108000000.0,7073000000.0,-2537000000.0,-4862000000.0
UPS,2012-03-31,False,Q1,2012,10-Q,13136000000.0,1569000000.0,970000000.0,1.01,1.0,0.57,35963000000.0,13473000000.0,7543000000.0,5133000000.0,7499000000.0,2280000000.0,-259000000.0,51000000.0
UPS,2012-06-30,False,Q2,2012,10-Q,13349000000.0,1790000000.0,1116000000.0,1.16,1.15,1.14,37177000000.0,14702000000.0,8400000000.0,6718000000.0,7725000000.0,3850000000.0,-307000000.0,158000000.0
UPS,2012-09-30,False,Q3,2012,10-Q,13071000000.0,766000000.0,469000000.0,0.49,0.48,1.71,39064000000.0,16344000000.0,10289000000.0,8430000000.0,7614000000.0,5103000000.0,-907000000.0,1067000000.0
UPS,2012-12-31,False,FY,2012,10-K,54127000000.0,1343000000.0,807000000.0,0.84,0.83,2.28,38863000000.0,15591000000.0,8390000000.0,7327000000.0,4733000000.0,7216000000.0,-1335000000.0,-1817000000.0
UPS,2013-03-31,False,Q1,2013,10-Q,13434000000.0,1580000000.0,1037000000.0,1.09,1.08,0.62,38005000000.0,14481000000.0,8034000000.0,6456000000.0,4043000000.0,1758000000.0,-753000000.0,-1846000000.0
UPS,2013-06-30,False,Q2,2013,10-Q,13507000000.0,1742000000.0,1071000000.0,1.14,1.13,1.24,36703000000.0,13226000000.0,7183000000.0,4808000000.0,3630000000.0,3431000000.0,-1853000000.0,-4041000000.0
UPS,2013-09-30,False,Q3,2013,10-Q,13521000000.0,1804000000.0,1097000000.0,1.17,1.16,0.0,37476000000.0,13758000000.0,7821000000.0,5182000000.0,3655000000.0,5060000000.0,-2463000000.0,-4716000000.0
UPS,2013-12-31,False,FY,2013,10-K,55438000000.0,7034000000.0,4372000000.0,4.65,4.61,2.48,36212000000.0,13387000000.0,7131000000.0,4665000000.0,6488000000.0,7304000000.0,-2114000000.0,-7807000000.0
UPS,2014-03-31,False,Q1,2014,10-Q,13779000000.0,1513000000.0,911000000.0,0.99,0.98,0.67,37085000000.0,14620000000.0,9193000000.0,5946000000.0,6262000000.0,2267000000.0,-845000000.0,-120000000.0
UPS,2014-06-30,False,Q2,2014,10-Q,14268000000.0,747000000.0,454000000.0,0.49,0.49,0.0,34861000000.0,12341000000.0,8337000000.0,3056000000.0,5585000000.0,1832000000.0,-1802000000.0,-1632000000.0
UPS,2014-09-30,False,Q3,2014,10-Q,14290000000.0,1954000000.0,1214000000.0,1.33,1.32,0.0,35906000000.0,13318000000.0,9096000000.0,4204000000.0,5644000000.0,4191000000.0,-2139000000.0,-2413000000.0
UPS,2014-12-31,False,FY,2014,10-K,58232000000.0,4968000000.0,3032000000.0,3.31,3.28,2.68,35471000000.0,11808000000.0,8639000000.0,2291000000.0,2158000000.0,5726000000.0,-2801000000.0,-5161000000.0
UPS,2015-03-31,False,Q1,2015,10-Q,13977000000.0,1673000000.0,1026000000.0,1.13,1.12,0.73,37332000000.0,13915000000.0,10610000000.0,4482000000.0,1847000000.0,2751000000.0,-1357000000.0,899000000.0
UPS,2015-06-30,False,Q2,2015,10-Q,14095000000.0,1960000000.0,1230000000.0,1.37,1.35,0.0,37251000000.0,13768000000.0,10303000000.0,3430000000.0,1968000000.0,4239000000.0,-2776000000.0,-252000000.0
UPS,2015-09-30,False,Q3,2015,10-Q,14237000000.0,1984000000.0,1257000000.0,1.4,1.39,0.0,39002000000.0,13581000000.0,11869000000.0,3441000000.0,1948000000.0,6415000000.0,-4959000000.0,-160000000.0
UPS,2015-12-31,False,FY,2015,10-K,58363000000.0,7668000000.0,4844000000.0,5.38,5.35,2.92,38311000000.0,13208000000.0,10696000000.0,2730000000.0,2491000000.0,7430000000.0,-5309000000.0,-1565000000.0
UPS,2016-03-31,False,Q1,2016,10-Q,14418000000.0,1823000000.0,1131000000.0,1.27,1.27,0.78,39168000000.0,13912000000.0,11098000000.0,3887000000.0,2480000000.0,2670000000.0,-1108000000.0,-440000000.0
UPS,2016-06-30,False,Q2,2016,10-Q,14629000000.0,2038000000.0,1269000000.0,1.43,1.43,0.0,38339000000.0,13123000000.0,9961000000.0,3059000000.0,2650000000.0,4693000000.0,-1794000000.0,-2584000000.0
UPS,2016-09-30,False,Q3,2016,10-Q,14928000000.0,2034000000.0,1270000000.0,1.44,1.44,0.0,38342000000.0,12853000000.0,10889000000.0,3299000000.0,2767000000.0,5363000000.0,-2027000000.0,-2781000000.0
UPS,2016-12-31,False,FY,2016,10-K,60906000000.0,5467000000.0,3431000000.0,3.89,3.87,3.12,40377000000.0,13849000000.0,11730000000.0,3476000000.0,429000000.0,6473000000.0,-2566000000.0,-3140000000.0
UPS,2017-03-31,False,Q1,2017,10-Q,15315000000.0,1784000000.0,1158000000.0,1.32,1.32,0.83,38380000000.0,11494000000.0,11406000000.0,2687000000.0,560000000.0,239000000.0,-920000000.0,-124000000.0
UPS,2017-06-30,False,Q2,2017,10-Q,15750000000.0,2216000000.0,1384000000.0,1.59,1.58,0.0,39724000000.0,12394000000.0,11082000000.0,3544000000.0,1274000000.0,2621000000.0,-2027000000.0,-556000000.0
UPS,2017-09-30,False,Q3,2017,10-Q,15978000000.0,2035000000.0,1264000000.0,1.45,1.45,0.0,41356000000.0,12910000000.0,12167000000.0,3418000000.0,1539000000.0,4418000000.0,-3618000000.0,-914000000.0
