symbol,end_date,amend,period_focus,fiscal_year,doc_type,revenues,op_income,net_income,eps_basic,eps_diluted,dividend,assets,cur_assets,cur_liab,cash,equity,cash_flow_op,cash_flow_inv,cash_flow_fin
URI,2011-06-30,False,Q2,2011,10-Q,629000000.0,95000000.0,27000000.0,0.44,0.37,0.0,3952000000.0,674000000.0,840000000.0,58000000.0,-20000000.0,296000000.0,-487000000.0,39000000.0
URI,2011-09-30,False,Q3,2011,10-Q,713000000.0,156000000.0,65000000.0,1.04,0.91,0.0,4005000000.0,658000000.0,879000000.0,26000000.0,14000000.0,453000000.0,-727000000.0,92000000.0
URI,2011-12-31,False,FY,2011,10-K,2611000000.0,396000000.0,101000000.0,1.62,1.38,0.0,4143000000.0,723000000.0,864000000.0,36000000.0,64000000.0,608000000.0,-861000000.0,80000000.0
URI,2012-03-31,False,Q1,2012,10-Q,656000000.0,87000000.0,13000000.0,0.21,0.17,0.0,7297000000.0,656000000.0,1046000000.0,26000000.0,90000000.0,254000000.0,-400000000.0,135000000.0
URI,2012-06-30,False,Q2,2012,10-Q,993000000.0,46000000.0,-52000000.0,-0.63,-0.63,0.0,10942000000.0,1019000000.0,1421000000.0,41000000.0,1395000000.0,342000000.0,-1894000000.0,1557000000.0
URI,2012-09-30,False,Q3,2012,10-Q,1219000000.0,222000000.0,73000000.0,0.78,0.7,0.0,10992000000.0,1111000000.0,1514000000.0,68000000.0,1495000000.0,495000000.0,-2066000000.0,1602000000.0
URI,2012-12-31,False,FY,2012,10-K,4117000000.0,591000000.0,75000000.0,0.91,0.79,0.0,11026000000.0,1343000000.0,1351000000.0,106000000.0,1543000000.0,721000000.0,-2104000000.0,1453000000.0
URI,2013-03-31,False,Q1,2013,10-Q,1100000000.0,149000000.0,21000000.0,0.22,0.19,0.0,10921000000.0,1311000000.0,1369000000.0,147000000.0,1566000000.0,409000000.0,-175000000.0,-191000000.0
URI,2013-06-30,False,Q2,2013,10-Q,1206000000.0,250000000.0,83000000.0,0.89,0.78,0.0,11326000000.0,1363000000.0,1592000000.0,133000000.0,1583000000.0,878000000.0,-801000000.0,-43000000.0
URI,2013-09-30,False,Q3,2013,10-Q,1311000000.0,337000000.0,143000000.0,1.53,1.35,0.0,11563000000.0,1414000000.0,1418000000.0,125000000.0,1707000000.0,1115000000.0,-1208000000.0,116000000.0
URI,2013-12-31,False,FY,2013,10-K,4955000000.0,1078000000.0,387000000.0,4.14,3.64,0.0,11231000000.0,1362000000.0,1286000000.0,175000000.0,1828000000.0,1551000000.0,-1177000000.0,-295000000.0
URI,2014-03-31,False,Q1,2014,10-Q,1178000000.0,218000000.0,60000000.0,0.63,0.56,0.0,11247000000.0,1400000000.0,1101000000.0,227000000.0,1813000000.0,508000000.0,-231000000.0,-218000000.0
URI,2014-06-30,False,Q2,2014,10-Q,1399000000.0,325000000.0,94000000.0,0.98,0.9,0.0,12467000000.0,1396000000.0,1746000000.0,170000000.0,1797000000.0,1054000000.0,-1570000000.0,512000000.0
URI,2014-09-30,False,Q3,2014,10-Q,1544000000.0,422000000.0,192000000.0,1.95,1.84,0.0,12483000000.0,1378000000.0,1695000000.0,168000000.0,1813000000.0,1466000000.0,-1906000000.0,441000000.0
URI,2014-12-31,False,FY,2014,10-K,5685000000.0,1391000000.0,540000000.0,5.54,5.15,0.0,12467000000.0,1546000000.0,1478000000.0,158000000.0,1796000000.0,1801000000.0,-2000000000.0,196000000.0
URI,2015-03-31,False,Q1,2015,10-Q,1315000000.0,300000000.0,115000000.0,1.19,1.16,0.0,12282000000.0,1452000000.0,1555000000.0,257000000.0,1494000000.0,675000000.0,-225000000.0,-335000000.0
URI,2015-06-30,False,Q2,2015,10-Q,1429000000.0,375000000.0,86000000.0,0.89,0.88,0.0,12605000000.0,1436000000.0,1582000000.0,200000000.0,1451000000.0,1250000000.0,-876000000.0,-318000000.0
URI,2015-09-30,False,Q3,2015,10-Q,1550000000.0,446000000.0,215000000.0,2.28,2.25,0.0,12598000000.0,1426000000.0,1517000000.0,171000000.0,1497000000.0,1557000000.0,-1192000000.0,-328000000.0
URI,2015-12-31,False,FY,2015,10-K,5817000000.0,1518000000.0,585000000.0,6.14,6.07,0.0,12083000000.0,1294000000.0,1233000000.0,179000000.0,1476000000.0,1995000000.0,-1170000000.0,-775000000.0
URI,2016-03-31,False,Q1,2016,10-Q,1310000000.0,254000000.0,92000000.0,1.01,1.01,0.0,11784000000.0,1182000000.0,1229000000.0,219000000.0,1501000000.0,604000000.0,-17000000.0,-560000000.0
URI,2016-06-30,False,Q2,2016,10-Q,1421000000.0,347000000.0,134000000.0,1.52,1.52,0.0,12120000000.0,1264000000.0,1508000000.0,265000000.0,1502000000.0,1247000000.0,-522000000.0,-651000000.0
URI,2016-09-30,False,Q3,2016,10-Q,1508000000.0,412000000.0,187000000.0,2.18,2.16,0.0,12275000000.0,1354000000.0,1420000000.0,297000000.0,1539000000.0,1630000000.0,-865000000.0,-656000000.0
URI,2016-12-31,False,FY,2016,10-K,5762000000.0,1415000000.0,566000000.0,6.49,6.45,0.0,11988000000.0,1361000000.0,1184000000.0,312000000.0,1648000000.0,1953000000.0,-859000000.0,-964000000.0
URI,2017-03-31,False,Q1,2017,10-Q,1356000000.0,257000000.0,109000000.0,1.29,1.27,0.0,11822000000.0,1320000000.0,1317000000.0,337000000.0,1753000000.0,623000000.0,-134000000.0,-466000000.0
URI,2017-06-30,False,Q2,2017,10-Q,1597000000.0,340000000.0,141000000.0,1.67,1.65,0.0,13284000000.0,1483000000.0,1744000000.0,338000000.0,1948000000.0,1337000000.0,-1692000000.0,370000000.0
URI,2017-09-30,False,Q3,2017,10-Q,1766000000.0,448000000.0,199000000.0,2.36,2.33,0.0,13744000000.0,1639000000.0,1773000000.0,324000000.0,2211000000.0,1766000000.0,-2252000000.0,477000000.0
