symbol,end_date,amend,period_focus,fiscal_year,doc_type,revenues,op_income,net_income,eps_basic,eps_diluted,dividend,assets,cur_assets,cur_liab,cash,equity,cash_flow_op,cash_flow_inv,cash_flow_fin
UTX,2008-12-31,False,FY,2008,10-K,58681000000.0,7625000000.0,4689000000.0,5.0,4.9,1.35,56469000000.0,24099000000.0,19434000000.0,4327000000.0,15917000000.0,6161000000.0,-2336000000.0,-2238000000.0
UTX,2009-06-30,False,Q2,2009,10-Q,13196000000.0,1637000000.0,976000000.0,1.06,1.05,0.39,56545000000.0,23636000000.0,18571000000.0,4016000000.0,18406000000.0,2025000000.0,-527000000.0,-1785000000.0
UTX,2009-09-30,False,Q3,2009,10-Q,13375000000.0,1771000000.0,1058000000.0,1.15,1.14,0.39,57577000000.0,23729000000.0,18200000000.0,4632000000.0,19646000000.0,3878000000.0,-731000000.0,-2908000000.0
UTX,2009-12-31,False,FY,2009,10-K,52920000000.0,6465000000.0,3829000000.0,4.17,4.12,1.54,55762000000.0,23194000000.0,17913000000.0,4449000000.0,20999000000.0,5353000000.0,-1104000000.0,-4191000000.0
UTX,2010-03-31,False,Q1,2010,10-Q,12091000000.0,1538000000.0,866000000.0,0.95,0.93,0.43,58388000000.0,24321000000.0,18670000000.0,4788000000.0,20924000000.0,1154000000.0,-2124000000.0,1318000000.0
UTX,2010-06-30,False,Q2,2010,10-Q,13890000000.0,1925000000.0,1110000000.0,1.22,1.2,0.43,58343000000.0,24401000000.0,18762000000.0,4997000000.0,20915000000.0,2554000000.0,-2359000000.0,405000000.0
UTX,2010-09-30,False,Q3,2010,10-Q,13527000000.0,1949000000.0,1198000000.0,1.32,1.3,0.43,60649000000.0,25337000000.0,19620000000.0,5731000000.0,22253000000.0,4230000000.0,-2686000000.0,-308000000.0
UTX,2010-12-31,False,FY,2010,10-K,54326000000.0,7186000000.0,4373000000.0,4.82,4.74,1.7,58493000000.0,23510000000.0,17732000000.0,4083000000.0,22332000000.0,5906000000.0,-3187000000.0,-3153000000.0
UTX,2011-03-31,False,Q1,2011,10-Q,13344000000.0,1779000000.0,1012000000.0,1.13,1.11,0.425,60664000000.0,25005000000.0,18916000000.0,4440000000.0,23126000000.0,1361000000.0,-201000000.0,-879000000.0
UTX,2011-06-30,False,Q2,2011,10-Q,15076000000.0,2220000000.0,1318000000.0,1.48,1.45,0.48,62147000000.0,26429000000.0,20214000000.0,5396000000.0,23739000000.0,2619000000.0,-307000000.0,-1109000000.0
UTX,2011-09-30,False,Q3,2011,10-Q,14804000000.0,2202000000.0,1324000000.0,1.49,1.47,0.48,61948000000.0,26424000000.0,20064000000.0,5966000000.0,23588000000.0,4578000000.0,-298000000.0,-2410000000.0
UTX,2011-12-31,False,FY,2011,10-K,58190000000.0,8099000000.0,4979000000.0,5.58,5.49,1.865,61452000000.0,25758000000.0,18616000000.0,5960000000.0,22820000000.0,6590000000.0,-707000000.0,-4005000000.0
UTX,2012-03-31,False,Q1,2012,10-Q,12424000000.0,1702000000.0,330000000.0,0.37,0.36,0.0,61724000000.0,27847000000.0,18330000000.0,6362000000.0,23549000000.0,1312000000.0,-112000000.0,-837000000.0
UTX,2012-06-30,False,Q2,2012,10-Q,13807000000.0,2179000000.0,1328000000.0,1.49,1.47,0.0,74653000000.0,39142000000.0,19793000000.0,6050000000.0,23725000000.0,3026000000.0,-12272000000.0,9377000000.0
UTX,2012-09-30,False,Q3,2012,10-Q,15042000000.0,2041000000.0,1415000000.0,1.58,1.56,0.0,91946000000.0,31685000000.0,26452000000.0,6297000000.0,26091000000.0,4651000000.0,-17995000000.0,13986000000.0
UTX,2012-12-31,False,FY,2012,10-K,57708000000.0,7684000000.0,5130000000.0,5.73,5.66,2.03,89409000000.0,29610000000.0,23786000000.0,4819000000.0,27069000000.0,6605000000.0,-18795000000.0,8021000000.0
UTX,2013-03-31,False,Q1,2013,10-Q,14399000000.0,2006000000.0,1266000000.0,1.4,1.39,0.0,88513000000.0,29161000000.0,22559000000.0,4767000000.0,27563000000.0,1409000000.0,339000000.0,-1019000000.0
UTX,2013-06-30,False,Q2,2013,10-Q,16006000000.0,2507000000.0,1560000000.0,1.73,1.71,0.0,88744000000.0,28790000000.0,23164000000.0,4909000000.0,28369000000.0,3348000000.0,108000000.0,-2987000000.0
UTX,2013-09-30,False,Q3,2013,10-Q,15462000000.0,2366000000.0,1432000000.0,1.59,1.57,0.0,90326000000.0,29351000000.0,23519000000.0,4621000000.0,29919000000.0,4891000000.0,-599000000.0,-4226000000.0
UTX,2013-12-31,False,FY,2013,10-K,62626000000.0,9209000000.0,5721000000.0,6.35,6.25,2.195,90594000000.0,29442000000.0,22800000000.0,4619000000.0,33219000000.0,7505000000.0,-1464000000.0,-5940000000.0
UTX,2014-03-31,False,Q1,2014,10-Q,14745000000.0,2098000000.0,1213000000.0,1.35,1.32,0.0,91229000000.0,29820000000.0,22931000000.0,4477000000.0,33695000000.0,1335000000.0,-442000000.0,-995000000.0
UTX,2014-06-30,False,Q2,2014,10-Q,17191000000.0,2355000000.0,1680000000.0,1.87,1.84,0.0,92142000000.0,29641000000.0,24330000000.0,4962000000.0,35193000000.0,3077000000.0,-873000000.0,-1843000000.0
UTX,2014-09-30,False,Q3,2014,10-Q,16168000000.0,2746000000.0,1854000000.0,2.07,2.04,0.0,91774000000.0,29411000000.0,23908000000.0,5035000000.0,35389000000.0,5025000000.0,-1476000000.0,-3074000000.0
UTX,2014-12-31,False,FY,2014,10-K,65100000000.0,9769000000.0,6220000000.0,6.92,6.82,2.36,91289000000.0,29758000000.0,22895000000.0,5235000000.0,32564000000.0,7336000000.0,-2305000000.0,-4259000000.0
UTX,2015-03-31,False,Q1,2015,10-Q,14541000000.0,2274000000.0,1426000000.0,1.6,1.58,0.0,91327000000.0,29958000000.0,25729000000.0,5281000000.0,30167000000.0,1310000000.0,173000000.0,-1384000000.0
UTX,2015-06-30,False,Q2,2015,10-Q,16333000000.0,2552000000.0,1542000000.0,1.76,1.73,0.0,92773000000.0,30669000000.0,23729000000.0,5933000000.0,31938000000.0,2848000000.0,-556000000.0,-1546000000.0
UTX,2015-09-30,False,Q3,2015,10-Q,13788000000.0,2302000000.0,1362000000.0,1.55,1.54,0.0,92135000000.0,32359000000.0,23689000000.0,5477000000.0,32051000000.0,4044000000.0,-1416000000.0,-1861000000.0
UTX,2015-12-31,False,FY,2015,10-K,56098000000.0,7291000000.0,7608000000.0,8.72,8.61,2.56,87484000000.0,26706000000.0,22618000000.0,7075000000.0,28844000000.0,6698000000.0,-2527000000.0,-10776000000.0
UTX,2016-03-31,False,Q1,2016,10-Q,13357000000.0,1945000000.0,1191000000.0,1.44,1.43,0.0,88571000000.0,27527000000.0,20523000000.0,7215000000.0,29903000000.0,795000000.0,-483000000.0,2038000000.0
UTX,2016-06-30,False,Q2,2016,10-Q,14874000000.0,2337000000.0,1373000000.0,1.66,1.65,0.0,89480000000.0,27970000000.0,22183000000.0,6785000000.0,30648000000.0,2571000000.0,-1342000000.0,928000000.0
UTX,2016-09-30,False,Q3,2016,10-Q,14354000000.0,2251000000.0,1480000000.0,1.8,1.78,0.0,90062000000.0,28548000000.0,22541000000.0,7107000000.0,30764000000.0,29000000.0,-1849000000.0,-29000000.0
UTX,2016-12-31,False,FY,2016,10-K,57244000000.0,8172000000.0,5055000000.0,6.18,6.12,2.62,89706000000.0,28550000000.0,21906000000.0,7157000000.0,29169000000.0,6412000000.0,-2509000000.0,-1188000000.0
UTX,2017-03-31,False,Q1,2017,10-Q,13815000000.0,2267000000.0,1386000000.0,1.75,1.73,0.0,90373000000.0,29305000000.0,23726000000.0,7156000000.0,29272000000.0,993000000.0,-139000000.0,-929000000.0
UTX,2017-06-30,False,Q2,2017,10-Q,15280000000.0,2290000000.0,1439000000.0,1.83,1.8,0.0,94793000000.0,32829000000.0,23919000000.0,9345000000.0,30155000000.0,3139000000.0,-990000000.0,-52000000.0
UTX,2017-09-30,False,Q3,2017,10-Q,15062000000.0,2163000000.0,1330000000.0,1.69,1.67,0.0,96352000000.0,32963000000.0,25249000000.0,8523000000.0,31691000000.0,3110000000.0,-1658000000.0,-293000000.0
