symbol,end_date,amend,period_focus,fiscal_year,doc_type,revenues,op_income,net_income,eps_basic,eps_diluted,dividend,assets,cur_assets,cur_liab,cash,equity,cash_flow_op,cash_flow_inv,cash_flow_fin
VFC,2009-07-04,False,Q2,2009,10-Q,1466808000.0,119738000.0,75527000.0,0.69,0.68,0.59,6719247000.0,2734877000.0,1169818000.0,385202000.0,3643830000.0,84671000.0,-246473000.0,161574000.0
VFC,2009-10-03,False,Q3,2009,10-Q,2075510000.0,317891000.0,217920000.0,1.97,1.94,0.59,6906166000.0,2928733000.0,1355057000.0,379148000.0,3857568000.0,263874000.0,-270139000.0,-2255000.0
VFC,2010-01-02,False,FY,2009,10-K,7143074000.0,736817000.0,461271000.0,4.18,4.13,2.37,6470657000.0,2629356000.0,1092583000.0,731549000.0,3813285000.0,973485000.0,-316876000.0,-319343000.0
VFC,2010-04-03,False,Q1,2010,10-Q,1730086000.0,223260000.0,163516000.0,1.48,1.46,0.6,6468451000.0,2647586000.0,1056880000.0,718634000.0,3824866000.0,184154000.0,-49637000.0,-128386000.0
VFC,2010-07-03,False,Q2,2010,10-Q,1576947000.0,169524000.0,110835000.0,1.02,1.0,0.6,6321442000.0,2588128000.0,1111520000.0,540191000.0,3647834000.0,308500000.0,-90649000.0,-375273000.0
VFC,2010-10-02,False,Q3,2010,10-Q,2213151000.0,354545000.0,242787000.0,2.25,2.22,0.6,6679693000.0,2874373000.0,1146959000.0,402863000.0,3938309000.0,448624000.0,-124705000.0,-634835000.0
VFC,2011-01-01,False,FY,2010,10-K,7624599000.0,820860000.0,571362000.0,5.25,5.18,2.43,6457556000.0,2826060000.0,1109475000.0,792239000.0,3861319000.0,1001282000.0,-180480000.0,-742832000.0
VFC,2011-04-02,False,Q1,2011,10-Q,1937124000.0,274643000.0,200703000.0,1.85,1.82,0.63,6693138000.0,2950028000.0,1036846000.0,672963000.0,4126447000.0,-32865000.0,-96310000.0,-13631000.0
VFC,2011-07-02,False,Q2,2011,10-Q,1821218000.0,188671000.0,129368000.0,1.19,1.17,0.63,6800446000.0,3045908000.0,1013914000.0,611478000.0,4270538000.0,-42321000.0,-129948000.0,-38793000.0
VFC,2011-10-01,False,Q3,2011,10-Q,2727704000.0,430118000.0,300700000.0,2.74,2.69,0.63,10119048000.0,3942392000.0,2664564000.0,337391000.0,4459899000.0,-28833000.0,-2379952000.0,1936736000.0
VFC,2011-12-31,False,FY,2011,10-K,9365477000.0,1244791000.0,888089000.0,8.13,7.98,2.61,9313126000.0,3187944000.0,1666032000.0,341228000.0,4525175000.0,1081371000.0,-2460033000.0,912245000.0
VFC,2012-03-31,False,Q1,2012,10-Q,2527417000.0,314102000.0,215216000.0,1.95,1.91,0.72,9503317000.0,3363333000.0,1904320000.0,325649000.0,4451668000.0,-112137000.0,-32169000.0,126024000.0
VFC,2012-06-30,False,Q2,2012,10-Q,2115629000.0,163985000.0,155297000.0,1.42,1.4,0.72,9426069000.0,3339809000.0,1768039000.0,330512000.0,4524052000.0,73129000.0,-54654000.0,-26486000.0
VFC,2012-09-29,False,Q3,2012,10-Q,3119614000.0,536892000.0,381318000.0,3.48,3.42,0.72,10131732000.0,3998800000.0,2435842000.0,304603000.0,4926784000.0,102605000.0,-139446000.0,-1725000.0
VFC,2012-12-29,False,FY,2012,10-K,10766020000.0,1465267000.0,1085999000.0,9.89,9.7,3.03,9633021000.0,3449583000.0,1732212000.0,597461000.0,5125625000.0,1275000000.0,-220291000.0,-802515000.0
VFC,2013-03-30,False,Q1,2013,10-Q,2582230000.0,357728000.0,270417000.0,2.46,2.41,0.87,9491274000.0,3259627000.0,1705400000.0,300437000.0,5088994000.0,11674000.0,-114999000.0,-191962000.0
VFC,2013-06-29,False,Q2,2013,10-Q,2194727000.0,201334000.0,138274000.0,1.27,1.24,0.87,9549567000.0,3297707000.0,1644298000.0,320112000.0,5184057000.0,291413000.0,-188476000.0,-375678000.0
VFC,2013-09-28,False,Q3,2013,10-Q,3266681000.0,579703000.0,433761000.0,3.96,3.89,0.87,10452061000.0,4093904000.0,2054660000.0,315661000.0,5628877000.0,418076000.0,-255288000.0,-441660000.0
VFC,2013-12-28,False,FY,2013,10-K,11302350000.0,1647147000.0,1210119000.0,2.76,2.71,0.915,10315443000.0,3882982000.0,1568001000.0,776403000.0,6077038000.0,1506041000.0,-350273000.0,-983831000.0
VFC,2014-03-29,False,Q1,2014,10-Q,2750115000.0,403190000.0,297193000.0,0.68,0.67,0.2625,9985152000.0,3534521000.0,1541533000.0,321672000.0,5754829000.0,13654000.0,-99133000.0,-366260000.0
VFC,2014-06-28,False,Q2,2014,10-Q,2373408000.0,219808000.0,157682000.0,0.37,0.36,0.2625,10215327000.0,3779912000.0,1870324000.0,475891000.0,5653368000.0,219587000.0,-163587000.0,-352015000.0
VFC,2014-09-27,False,Q3,2014,10-Q,3486998000.0,633082000.0,470529000.0,1.09,1.08,0.2625,10815876000.0,4524213000.0,2266478000.0,496500000.0,5862360000.0,366846000.0,-255033000.0,-376770000.0
VFC,2015-01-03,False,FY,2014,10-K,12154784000.0,1437724000.0,1047505000.0,2.42,2.38,1.1075,9980140000.0,4185854000.0,1620241000.0,971895000.0,5630882000.0,1697629000.0,-329255000.0,-1107421000.0
VFC,2015-04-04,False,Q1,2015,10-Q,2803302000.0,397835000.0,288709000.0,0.68,0.67,0.32,9732864000.0,4081526000.0,2278326000.0,655483000.0,4904265000.0,-430624000.0,-59119000.0,205094000.0
VFC,2015-07-04,False,Q2,2015,10-Q,2484189000.0,223027000.0,170811000.0,0.4,0.4,0.32,9905504000.0,4206490000.0,2455830000.0,659770000.0,4963795000.0,-286446000.0,-158323000.0,169859000.0
VFC,2015-10-03,False,Q3,2015,10-Q,3583027000.0,642928000.0,459864000.0,1.08,1.07,0.32,10651922000.0,4935817000.0,2783620000.0,566599000.0,5361197000.0,-330961000.0,-237184000.0,197806000.0
VFC,2016-01-02,False,FY,2015,10-K,12250678000.0,1660996000.0,1231593000.0,2.9,2.85,1.33,9639542000.0,4163136000.0,1941713000.0,945605000.0,5384838000.0,1146510000.0,-322822000.0,-783295000.0
VFC,2016-04-02,False,Q1,2016,10-Q,2809124000.0,336252000.0,260269000.0,0.62,0.61,0.37,9832263000.0,3972874000.0,2529467000.0,585835000.0,4893946000.0,-145586000.0,-43258000.0,-189959000.0
VFC,2016-07-02,False,Q2,2016,10-Q,2418370000.0,211424000.0,51015000.0,0.12,0.12,0.37,9674108000.0,4068016000.0,2660633000.0,676262000.0,4648437000.0,11774000.0,-101300000.0,-188451000.0
VFC,2016-10-01,False,Q3,2016,10-Q,3457570000.0,635428000.0,498489000.0,1.21,1.19,0.37,10443109000.0,4819023000.0,2177196000.0,737825000.0,4872777000.0,43368000.0,-50804000.0,-201585000.0
VFC,2016-12-31,False,FY,2016,10-K,11902314000.0,1499226000.0,1074106000.0,2.58,2.54,1.53,9739287000.0,4293098000.0,1785400000.0,1227862000.0,4940921000.0,1477919000.0,-112414000.0,-1076879000.0
VFC,2017-04-01,False,Q1,2017,10-Q,2555693000.0,291474000.0,209163000.0,0.51,0.5,0.42,9246278000.0,4092150000.0,1835859000.0,604444000.0,4373057000.0,-210162000.0,-68337000.0,-346475000.0
VFC,2017-07-01,False,Q2,2017,10-Q,2333288000.0,168022000.0,109889000.0,0.28,0.27,0.42,9173728000.0,3897650000.0,2431143000.0,672542000.0,3644339000.0,-4546000.0,89125000.0,-630310000.0
VFC,2017-09-30,False,Q3,2017,10-Q,3481202000.0,483949000.0,386140000.0,0.98,0.97,0.42,10874921000.0,5627427000.0,3821395000.0,1546128000.0,3937420000.0,6683000.0,25092000.0,301381000.0
