symbol,end_date,amend,period_focus,fiscal_year,doc_type,revenues,op_income,net_income,eps_basic,eps_diluted,dividend,assets,cur_assets,cur_liab,cash,equity,cash_flow_op,cash_flow_inv,cash_flow_fin
VMC,2009-06-30,False,Q2,2009,10-Q,721859000.0,65684000.0,22212000.0,0.2,0.2,0.49,8847872000.0,927055000.0,748564000.0,43711000.0,4003219000.0,169402000.0,-50189000.0,-85696000.0
VMC,2009-09-30,False,Q3,2009,10-Q,778192000.0,82704000.0,54232000.0,0.43,0.43,0.25,8763168000.0,885491000.0,675833000.0,46547000.0,4085528000.0,354822000.0,-77405000.0,-241064000.0
VMC,2009-12-31,False,FY,2009,10-K,2690490000.0,148452000.0,30314000.0,0.25,0.25,1.48,8532950000.0,743289000.0,856695000.0,22265000.0,4052022000.0,453035000.0,-80002000.0,-360962000.0
VMC,2010-03-31,False,Q1,2010,10-Q,493264000.0,-36770000.0,-38747000.0,-0.31,-0.31,0.25,8474882000.0,766072000.0,909222000.0,35940000.0,4063000000.0,6439000.0,28687000.0,-21451000.0
VMC,2010-06-30,False,Q2,2010,10-Q,736152000.0,1210000.0,-23992000.0,-0.19,-0.19,0.25,8495044000.0,867303000.0,1074129000.0,42173000.0,4044104000.0,18656000.0,7991000.0,-6739000.0
VMC,2010-09-30,False,Q3,2010,10-Q,743204000.0,50432000.0,13246000.0,0.1,0.1,0.25,8529597000.0,932144000.0,671256000.0,82496000.0,4038854000.0,127827000.0,-42183000.0,-25413000.0
VMC,2010-12-31,False,FY,2010,10-K,2558862000.0,-14540000.0,-96490000.0,-0.75,-0.75,1.0,8337891000.0,772106000.0,565672000.0,47541000.0,3964980000.0,202706000.0,-88376000.0,-89054000.0
VMC,2011-03-31,False,Q1,2011,10-Q,487200000.0,-61184000.0,-54733000.0,-0.42,-0.42,0.25,8298791000.0,765250000.0,618282000.0,63164000.0,3905617000.0,44050000.0,-10931000.0,-17496000.0
VMC,2011-06-30,False,Q2,2011,10-Q,701971000.0,23488000.0,-8139000.0,-0.06,-0.06,0.25,8385610000.0,892353000.0,420960000.0,106744000.0,3881265000.0,7016000.0,-31147000.0,83334000.0
VMC,2011-09-30,False,Q3,2011,10-Q,760752000.0,106668000.0,19959000.0,0.15,0.15,0.25,8381881000.0,1002066000.0,364304000.0,152379000.0,3876099000.0,121726000.0,8912000.0,-25800000.0
VMC,2011-12-31,False,FY,2011,10-K,2564550000.0,63444000.0,-70778000.0,-0.55,-0.55,0.76,8229314000.0,863100000.0,406253000.0,155839000.0,3791617000.0,169043000.0,-19479000.0,-41266000.0
VMC,2012-03-31,False,Q1,2012,10-Q,535882000.0,-46279000.0,-52053000.0,-0.4,-0.4,0.01,8216039000.0,918649000.0,481093000.0,191172000.0,3745607000.0,29144000.0,3760000.0,2429000.0
VMC,2012-06-30,False,Q2,2012,10-Q,694136000.0,19662000.0,-18283000.0,-0.14,-0.14,0.01,8180075000.0,951235000.0,616467000.0,158301000.0,3742936000.0,-3061000.0,4361000.0,1162000.0
VMC,2012-09-30,False,Q3,2012,10-Q,728861000.0,55866000.0,14260000.0,0.11,0.11,0.01,8225916000.0,1049255000.0,632097000.0,243126000.0,3767197000.0,93759000.0,-8835000.0,2363000.0
VMC,2012-12-31,False,FY,2012,10-K,2567310000.0,84781000.0,-52593000.0,-0.41,-0.41,0.04,8126599000.0,984972000.0,436411000.0,275478000.0,3761062000.0,238475000.0,10399000.0,-129235000.0
VMC,2013-03-31,False,Q1,2013,10-Q,538162000.0,-50058000.0,-54836000.0,-0.42,-0.42,0.01,8078475000.0,927362000.0,469853000.0,188081000.0,3714929000.0,-12867000.0,-67274000.0,-7256000.0
VMC,2013-06-30,False,Q2,2013,10-Q,738733000.0,86866000.0,28772000.0,0.22,0.22,0.01,8120224000.0,911649000.0,391769000.0,86979000.0,3813520000.0,-45345000.0,-94565000.0,-48589000.0
VMC,2013-09-30,False,Q3,2013,10-Q,813568000.0,99767000.0,41363000.0,0.32,0.31,0.01,8310056000.0,1100961000.0,358643000.0,245813000.0,3862911000.0,260012000.0,-140681000.0,-148996000.0
VMC,2013-12-31,False,FY,2013,10-K,2770709000.0,190404000.0,24382000.0,0.19,0.19,0.04,8259143000.0,951496000.0,299135000.0,193738000.0,3938106000.0,356499000.0,-296190000.0,-142049000.0
VMC,2014-03-31,False,Q1,2014,10-Q,574420000.0,194669000.0,53995000.0,0.41,0.41,0.05,7872235000.0,1053742000.0,340868000.0,268773000.0,4031119000.0,-4972000.0,628811000.0,-548804000.0
VMC,2014-06-30,False,Q2,2014,10-Q,791143000.0,103246000.0,45967000.0,0.35,0.35,0.05,7933898000.0,1101984000.0,349405000.0,227684000.0,4086187000.0,22900000.0,560937000.0,-549891000.0
VMC,2014-09-30,False,Q3,2014,10-Q,873579000.0,140331000.0,66939000.0,0.51,0.5,0.06,8091538000.0,954618000.0,364812000.0,91868000.0,4201099000.0,149726000.0,302585000.0,-554181000.0
VMC,2014-12-31,False,FY,2014,10-K,2994169000.0,538138000.0,204923000.0,1.56,1.54,0.22,8061902000.0,920469000.0,451878000.0,141273000.0,4176699000.0,260336000.0,238331000.0,-551132000.0
VMC,2015-03-31,False,Q1,2015,10-Q,631293000.0,10759000.0,-39678000.0,-0.3,-0.3,0.1,8350615000.0,1194665000.0,703336000.0,392657000.0,4160167000.0,19154000.0,-47591000.0,279821000.0
VMC,2015-06-30,False,Q2,2015,10-Q,895143000.0,153776000.0,48162000.0,0.36,0.36,0.1,8195883000.0,1022200000.0,506640000.0,74736000.0,4226957000.0,64637000.0,-167023000.0,35849000.0
VMC,2015-09-30,False,Q3,2015,10-Q,1038460000.0,212206000.0,123805000.0,0.93,0.91,0.1,8316866000.0,1143690000.0,412077000.0,168681000.0,4363277000.0,281337000.0,-231453000.0,-22476000.0
VMC,2015-12-31,False,FY,2015,10-K,3422181000.0,549778000.0,221177000.0,1.66,1.64,0.4,8301632000.0,1084591000.0,353479000.0,284060000.0,4454188000.0,503378000.0,-309742000.0,-50849000.0
VMC,2016-03-31,False,Q1,2016,10-Q,754728000.0,64921000.0,18924000.0,0.14,0.14,0.2,8247025000.0,1007503000.0,356485000.0,191886000.0,4421053000.0,42857000.0,-106110000.0,-28921000.0
VMC,2016-06-30,False,Q2,2016,10-Q,956825000.0,213786000.0,123750000.0,0.93,0.91,0.2,8290113000.0,1023407000.0,332678000.0,91902000.0,4479331000.0,102533000.0,-195936000.0,-98755000.0
VMC,2016-09-30,False,Q3,2016,10-Q,1008140000.0,227076000.0,139765000.0,1.05,1.04,0.2,8358085000.0,1076759000.0,360912000.0,135365000.0,4503970000.0,345448000.0,-279548000.0,-214595000.0
VMC,2016-12-31,False,FY,2016,10-K,3592667000.0,679582000.0,419491000.0,3.15,3.09,0.8,8471475000.0,1137182000.0,372244000.0,258986000.0,4572476000.0,644588000.0,-365077000.0,-304585000.0
VMC,2017-03-31,False,Q1,2017,10-Q,787328000.0,72400000.0,44921000.0,0.34,0.33,0.25,8744324000.0,1157762000.0,360898000.0,286957000.0,4520761000.0,94152000.0,-307817000.0,241636000.0
VMC,2017-06-30,False,Q2,2017,10-Q,1030763000.0,193987000.0,120139000.0,0.91,0.89,0.25,9869943000.0,2184812000.0,925793000.0,1129799000.0,4602104000.0,155222000.0,-483628000.0,1199219000.0
VMC,2017-09-30,False,Q3,2017,10-Q,1094715000.0,229487000.0,108579000.0,0.82,0.81,0.25,9439334000.0,1746972000.0,413699000.0,701163000.0,4685134000.0,399535000.0,-557566000.0,600208000.0
