symbol,end_date,amend,period_focus,fiscal_year,doc_type,revenues,op_income,net_income,eps_basic,eps_diluted,dividend,assets,cur_assets,cur_liab,cash,equity,cash_flow_op,cash_flow_inv,cash_flow_fin
VZ,2009-06-30,False,Q2,2009,10-Q,26861000000.0,4418000000.0,1483000000.0,0.52,0.52,0.46,224999000000.0,21464000000.0,26368000000.0,820000000.0,82821000000.0,14137000000.0,-13278000000.0,-9821000000.0
VZ,2009-09-30,False,Q3,2009,10-Q,27265000000.0,3986000000.0,1176000000.0,0.41,0.41,0.475,226404000000.0,22023000000.0,27305000000.0,1216000000.0,84582000000.0,23118000000.0,-17948000000.0,-13736000000.0
VZ,2009-12-31,False,FY,2009,10-K,107808000000.0,14027000000.0,3651000000.0,1.29,1.29,1.87,227251000000.0,22608000000.0,29136000000.0,2009000000.0,84367000000.0,31565000000.0,-23331000000.0,-16007000000.0
VZ,2010-03-31,False,Q1,2010,10-Q,26913000000.0,4351000000.0,409000000.0,0.14,0.14,0.475,227347000000.0,22405000000.0,28063000000.0,3037000000.0,84652000000.0,7117000000.0,-3656000000.0,-2433000000.0
VZ,2010-06-30,False,Q2,2010,10-Q,26773000000.0,2039000000.0,-198000000.0,-0.07,-0.07,0.475,226251000000.0,21061000000.0,31834000000.0,4761000000.0,84473000000.0,16873000000.0,-5609000000.0,-8512000000.0
VZ,2010-09-30,False,Q3,2010,10-Q,26484000000.0,3747000000.0,881000000.0,0.31,0.31,0.4875,220852000000.0,21341000000.0,28767000000.0,5394000000.0,84624000000.0,25213000000.0,-10159000000.0,-11669000000.0
VZ,2010-12-31,False,FY,2010,10-K,106565000000.0,14645000000.0,2549000000.0,0.9,0.9,1.925,220005000000.0,22348000000.0,30597000000.0,6668000000.0,86912000000.0,33363000000.0,-15054000000.0,-13650000000.0
VZ,2011-03-31,False,Q1,2011,10-Q,26990000000.0,4453000000.0,1439000000.0,0.51,0.51,0.4875,228108000000.0,29923000000.0,32747000000.0,14007000000.0,88864000000.0,5035000000.0,-4375000000.0,6679000000.0
VZ,2011-06-30,False,Q2,2011,10-Q,27536000000.0,4892000000.0,1609000000.0,0.57,0.57,0.4875,223756000000.0,22472000000.0,27374000000.0,6240000000.0,90712000000.0,12792000000.0,-9872000000.0,-3348000000.0
VZ,2011-09-30,False,Q3,2011,10-Q,27913000000.0,4647000000.0,1379000000.0,0.49,0.49,0.5,228032000000.0,27770000000.0,34636000000.0,10324000000.0,87515000000.0,21512000000.0,-13412000000.0,-4444000000.0
VZ,2011-12-31,False,FY,2011,10-K,110875000000.0,12880000000.0,2404000000.0,0.85,0.85,1.975,230461000000.0,30939000000.0,30761000000.0,13362000000.0,85908000000.0,29780000000.0,-17250000000.0,-5836000000.0
VZ,2012-03-31,False,Q1,2012,10-Q,28242000000.0,5195000000.0,1686000000.0,0.59,0.59,0.5,222921000000.0,23512000000.0,22913000000.0,5909000000.0,88421000000.0,5957000000.0,-3673000000.0,-9737000000.0
VZ,2012-06-30,False,Q2,2012,10-Q,28552000000.0,5651000000.0,1825000000.0,0.64,0.64,0.5,226072000000.0,27130000000.0,26353000000.0,10001000000.0,90428000000.0,15271000000.0,-7584000000.0,-11048000000.0
VZ,2012-09-30,False,Q3,2012,10-Q,29007000000.0,5483000000.0,1593000000.0,0.56,0.56,0.515,231082000000.0,27663000000.0,28770000000.0,9714000000.0,92628000000.0,24758000000.0,-15425000000.0,-12981000000.0
VZ,2012-12-31,False,FY,2012,10-K,115846000000.0,13160000000.0,875000000.0,0.31,0.31,2.03,225222000000.0,21235000000.0,26956000000.0,3093000000.0,85533000000.0,31486000000.0,-20502000000.0,-21253000000.0
VZ,2013-03-31,False,Q1,2013,10-Q,29420000000.0,6222000000.0,1952000000.0,0.68,0.68,0.515,226186000000.0,25258000000.0,31489000000.0,5475000000.0,87588000000.0,7531000000.0,-3599000000.0,-1550000000.0
VZ,2013-06-30,False,Q2,2013,10-Q,29786000000.0,6555000000.0,2246000000.0,0.78,0.78,0.515,223346000000.0,21957000000.0,29191000000.0,1788000000.0,87156000000.0,17148000000.0,-7835000000.0,-10618000000.0
VZ,2013-09-30,False,Q3,2013,10-Q,30279000000.0,7128000000.0,2232000000.0,0.78,0.78,0.53,276675000000.0,73705000000.0,30291000000.0,56710000000.0,90265000000.0,28387000000.0,-10023000000.0,35253000000.0
VZ,2013-12-31,False,FY,2013,10-K,120550000000.0,31968000000.0,11497000000.0,4.01,4.0,2.09,274098000000.0,70994000000.0,27050000000.0,53528000000.0,95416000000.0,38818000000.0,-14833000000.0,26450000000.0
VZ,2014-03-31,False,Q1,2014,10-Q,30818000000.0,7160000000.0,3947000000.0,1.15,1.15,0.53,221562000000.0,23272000000.0,25353000000.0,2907000000.0,13851000000.0,7139000000.0,-4531000000.0,-53229000000.0
VZ,2014-06-30,False,Q2,2014,10-Q,31483000000.0,7685000000.0,4214000000.0,1.02,1.01,0.53,224427000000.0,22887000000.0,26493000000.0,5776000000.0,16012000000.0,14804000000.0,-6346000000.0,-56210000000.0
VZ,2014-09-30,False,Q3,2014,10-Q,31586000000.0,6890000000.0,3695000000.0,0.89,0.89,0.55,226293000000.0,24773000000.0,26889000000.0,7218000000.0,17968000000.0,23157000000.0,-10430000000.0,-59037000000.0
VZ,2014-12-31,False,FY,2014,10-K,127079000000.0,19599000000.0,9625000000.0,2.42,2.42,2.16,232708000000.0,29623000000.0,28064000000.0,10598000000.0,13676000000.0,30631000000.0,-15856000000.0,-57705000000.0
VZ,2015-03-31,False,Q1,2015,10-Q,31984000000.0,7960000000.0,4219000000.0,1.03,1.02,0.55,235790000000.0,22836000000.0,28713000000.0,4386000000.0,10759000000.0,10169000000.0,-13176000000.0,-3205000000.0
VZ,2015-06-30,False,Q2,2015,10-Q,32224000000.0,7821000000.0,4231000000.0,1.04,1.04,0.55,240753000000.0,21502000000.0,30645000000.0,3008000000.0,12874000000.0,18906000000.0,-20171000000.0,-6325000000.0
VZ,2015-09-30,False,Q3,2015,10-Q,33158000000.0,7535000000.0,4038000000.0,0.99,0.99,0.565,242073000000.0,21768000000.0,34492000000.0,3875000000.0,14542000000.0,28426000000.0,-24596000000.0,-10553000000.0
VZ,2015-12-31,False,FY,2015,10-K,131620000000.0,33060000000.0,17879000000.0,4.38,4.37,2.23,244640000000.0,22280000000.0,35052000000.0,4470000000.0,17842000000.0,38930000000.0,-30043000000.0,-15015000000.0
VZ,2016-03-31,False,Q1,2016,10-Q,32171000000.0,7942000000.0,4310000000.0,1.06,1.06,0.565,244587000000.0,23615000000.0,33312000000.0,5846000000.0,20103000000.0,7419000000.0,-3436000000.0,-2607000000.0
VZ,2016-06-30,False,Q2,2016,10-Q,30532000000.0,4554000000.0,702000000.0,0.17,0.17,0.565,231870000000.0,20844000000.0,34408000000.0,2857000000.0,20744000000.0,12830000000.0,2653000000.0,-17096000000.0
VZ,2016-09-30,False,Q3,2016,10-Q,30937000000.0,6540000000.0,3620000000.0,0.89,0.89,0.5775,239498000000.0,25621000000.0,30298000000.0,6441000000.0,21983000000.0,17629000000.0,-2539000000.0,-13119000000.0
VZ,2016-12-31,False,FY,2016,10-K,125980000000.0,27059000000.0,13127000000.0,3.22,3.21,2.285,244180000000.0,26395000000.0,30340000000.0,2880000000.0,24032000000.0,22715000000.0,-10983000000.0,-13322000000.0
VZ,2017-03-31,False,Q1,2017,10-Q,29814000000.0,7181000000.0,3450000000.0,0.85,0.84,0.5775,246731000000.0,27158000000.0,26664000000.0,4307000000.0,25037000000.0,1681000000.0,-4833000000.0,4579000000.0
VZ,2017-06-30,False,Q2,2017,10-Q,30548000000.0,8232000000.0,4362000000.0,1.07,1.07,0.578,252978000000.0,28823000000.0,27758000000.0,4583000000.0,26761000000.0,9918000000.0,-9883000000.0,1668000000.0
VZ,2017-09-30,False,Q3,2017,10-Q,31717000000.0,7208000000.0,3620000000.0,0.89,0.89,0.59,254682000000.0,30867000000.0,28930000000.0,4487000000.0,28451000000.0,17221000000.0,-13701000000.0,-1913000000.0
