symbol,end_date,amend,period_focus,fiscal_year,doc_type,revenues,op_income,net_income,eps_basic,eps_diluted,dividend,assets,cur_assets,cur_liab,cash,equity,cash_flow_op,cash_flow_inv,cash_flow_fin
WAT,2017-09-30,False,Q3,2017,10-Q,565584000.0,159034000.0,136104000.0,1.71,1.69,0.0,5162985000.0,4078525000.0,662149000.0,603807000.0,2629095000.0,505456000.0,-403988000.0,-39494000.0
WAT,2009-07-04,False,Q2,2009,10-Q,362837000.0,86695000.0,69907000.0,0.73,0.72,0.0,1802617000.0,1058257000.0,400096000.0,358445000.0,730749000.0,173834000.0,-241076000.0,-5875000.0
WAT,2009-12-31,False,FY,2009,10-K,1498700000.0,394602000.0,323313000.0,3.37,3.34,0.0,1907931000.0,1172376000.0,394568000.0,341111000.0,848949000.0,418263000.0,-419028000.0,-90280000.0
WAT,2009-10-03,False,Q3,2009,10-Q,373963000.0,96112000.0,75936000.0,0.8,0.79,0.0,1885561000.0,1121847000.0,432214000.0,390417000.0,780658000.0,298404000.0,-304216000.0,-39927000.0
WAT,2011-07-02,False,Q2,2011,10-Q,447627000.0,120567000.0,100075000.0,1.09,1.07,0.0,2571856000.0,1800008000.0,467297000.0,344914000.0,1225534000.0,219979000.0,-174114000.0,-24727000.0
WAT,2010-12-31,False,FY,2010,10-K,1643371000.0,449932000.0,381763000.0,4.13,4.06,0.0,2327670000.0,1586641000.0,385850000.0,308498000.0,1068797000.0,457856000.0,-411515000.0,-60252000.0
WAT,2011-04-02,False,Q1,2011,10-Q,427603000.0,115895000.0,94489000.0,1.03,1.01,0.0,2447162000.0,1683334000.0,716229000.0,296860000.0,1150794000.0,122761000.0,-121107000.0,-27250000.0
WAT,2010-04-03,False,Q1,2010,10-Q,367700000.0,92357000.0,75518000.0,0.81,0.79,0.0,1981242000.0,1249217000.0,305204000.0,297012000.0,813042000.0,103155000.0,-116187000.0,-18479000.0
WAT,2010-07-03,False,Q2,2010,10-Q,391055000.0,105584000.0,84922000.0,0.92,0.9,0.0,2036399000.0,1311858000.0,362571000.0,310884000.0,812950000.0,214827000.0,-175672000.0,-40157000.0
WAT,2010-10-02,False,Q3,2010,10-Q,401038000.0,103815000.0,94719000.0,1.03,1.02,0.0,2205646000.0,1438327000.0,417410000.0,262792000.0,923262000.0,323769000.0,-332437000.0,-58889000.0
WAT,2015-04-04,False,Q1,2015,10-Q,460404000.0,119982000.0,96061000.0,1.16,1.15,0.0,3872726000.0,2875973000.0,538471000.0,440798000.0,1862240000.0,154590000.0,-56446000.0,-60274000.0
WAT,2014-12-31,False,FY,2014,10-K,1989344000.0,517908000.0,431620000.0,5.12,5.07,0.0,3877934000.0,2853736000.0,581595000.0,422177000.0,1894666000.0,511648000.0,-402030000.0,-107221000.0
WAT,2014-06-28,False,Q2,2014,10-Q,481801000.0,118395000.0,96529000.0,1.14,1.13,0.0,3727530000.0,2680606000.0,594590000.0,428691000.0,1843485000.0,222087000.0,-173761000.0,-65673000.0
WAT,2014-03-29,False,Q1,2014,10-Q,430508000.0,88761000.0,70302000.0,0.83,0.82,0.0,3649735000.0,2607709000.0,584448000.0,395382000.0,1819372000.0,115755000.0,-119949000.0,-40299000.0
WAT,2013-12-31,False,FY,2013,10-K,1904218000.0,517343000.0,450003000.0,5.27,5.2,0.0,3582629000.0,2556255000.0,487532000.0,440796000.0,1763173000.0,484876000.0,-464729000.0,-64588000.0
WAT,2013-09-28,False,Q3,2013,10-Q,457317000.0,119069000.0,98048000.0,1.15,1.14,0.0,3425319000.0,2429082000.0,492904000.0,431001000.0,1618634000.0,341585000.0,-329366000.0,-62057000.0
WAT,2013-06-29,False,Q2,2013,10-Q,451115000.0,112692000.0,89314000.0,1.04,1.03,0.0,3285529000.0,2344278000.0,474953000.0,455045000.0,1520112000.0,236820000.0,-197963000.0,-53076000.0
WAT,2011-12-31,False,FY,2011,10-K,1851184000.0,528600000.0,432968000.0,4.77,4.69,0.0,2723234000.0,1942104000.0,601863000.0,383990000.0,1226578000.0,497374000.0,-355976000.0,-60422000.0
WAT,2013-03-30,False,Q1,2013,10-Q,430338000.0,109405000.0,103407000.0,1.41,1.39,0.0,3207317000.0,2287681000.0,476866000.0,472048000.0,1476500000.0,127798000.0,-90453000.0,-34581000.0
WAT,2011-10-01,False,Q3,2011,10-Q,454534000.0,127264000.0,101257000.0,1.12,1.1,0.0,2639615000.0,1863359000.0,605579000.0,423926000.0,1159083000.0,347312000.0,-194714000.0,-37953000.0
WAT,2012-12-31,False,FY,2012,10-K,1843641000.0,511490000.0,461443000.0,5.25,5.19,0.0,3168150000.0,2257726000.0,504242000.0,481035000.0,1467357000.0,449280000.0,-296394000.0,-66535000.0
WAT,2012-09-29,False,Q3,2012,10-Q,449952000.0,121745000.0,99109000.0,1.13,1.12,0.0,2997140000.0,2137498000.0,767562000.0,356293000.0,1329879000.0,317627000.0,-298851000.0,-53396000.0
WAT,2012-06-30,False,Q2,2012,10-Q,451465000.0,120123000.0,97724000.0,1.11,1.09,0.0,2883556000.0,2065292000.0,721657000.0,369429000.0,1262683000.0,216274000.0,-190681000.0,-36537000.0
WAT,2016-04-02,False,Q1,2016,10-Q,475246000.0,112662000.0,94052000.0,1.16,1.15,0.0,4368395000.0,3310619000.0,524030000.0,416387000.0,2101686000.0,159886000.0,-197823000.0,-37397000.0
WAT,2015-12-31,False,FY,2015,10-K,2042332000.0,567451000.0,469053000.0,5.7,5.65,0.0,4268677000.0,3213533000.0,564076000.0,487665000.0,2058851000.0,560293000.0,-399739000.0,-69594000.0
WAT,2015-10-03,False,Q3,2015,10-Q,500578000.0,135843000.0,116281000.0,1.42,1.4,0.0,4121244000.0,3093847000.0,535954000.0,459518000.0,1968556000.0,406642000.0,-294509000.0,-57918000.0
WAT,2015-07-04,False,Q2,2015,10-Q,494740000.0,130318000.0,105657000.0,1.28,1.27,0.0,4028844000.0,3006957000.0,546694000.0,365875000.0,1932598000.0,267549000.0,-264508000.0,-48552000.0
WAT,2014-09-27,False,Q3,2014,10-Q,493165000.0,138713000.0,113497000.0,1.36,1.34,0.0,3751676000.0,2699410000.0,574479000.0,356968000.0,1841820000.0,349926000.0,-322424000.0,-104784000.0
WAT,2012-03-31,False,Q1,2012,10-Q,420458000.0,110217000.0,88666000.0,1.0,0.98,0.0,2839416000.0,2023479000.0,648283000.0,427186000.0,1287531000.0,111198000.0,-62954000.0,-11995000.0
WAT,2016-07-02,False,Q2,2016,10-Q,536560000.0,151611000.0,128217000.0,1.59,1.57,0.0,4448073000.0,3405936000.0,522604000.0,463382000.0,2149344000.0,316905000.0,-267671000.0,-64901000.0
WAT,2017-07-01,False,Q2,2017,10-Q,558250000.0,153785000.0,131822000.0,1.65,1.63,0.0,4996745000.0,3947235000.0,653289000.0,567255000.0,2518639000.0,351260000.0,-293852000.0,-22286000.0
WAT,2017-04-01,False,Q1,2017,10-Q,497969000.0,118869000.0,105557000.0,1.32,1.31,0.0,4810703000.0,3778424000.0,632211000.0,584444000.0,2394814000.0,174209000.0,-97049000.0,-12364000.0
WAT,2016-10-01,True,Q3,2016,10-Q,526830000.0,151731000.0,124856000.0,1.55,1.53,0.0,4576782000.0,3534370000.0,519501000.0,430209000.0,2259140000.0,456103000.0,-438674000.0,-66814000.0
WAT,2016-12-31,False,FY,2016,10-K,2167423000.0,624339000.0,521503000.0,6.46,6.41,0.0,4662059000.0,3635445000.0,520321000.0,505631000.0,2301949000.0,629076000.0,-487918000.0,-101857000.0
WAT,2016-07-02,False,Q2,2016,10-Q,536560000.0,151611000.0,128217000.0,1.59,1.57,0.0,4448073000.0,3405936000.0,522604000.0,463382000.0,2149344000.0,316905000.0,-267671000.0,-64901000.0
