symbol,end_date,amend,period_focus,fiscal_year,doc_type,revenues,op_income,net_income,eps_basic,eps_diluted,dividend,assets,cur_assets,cur_liab,cash,equity,cash_flow_op,cash_flow_inv,cash_flow_fin
WEC,2009-06-30,False,Q2,2009,10-Q,842500000.0,119200000.0,63700000.0,0.54,0.54,0.3375,12298300000.0,1300100000.0,1821000000.0,12500000.0,7317600000.0,232400000.0,-306300000.0,53900000.0
WEC,2009-09-30,False,Q3,2009,10-Q,821900000.0,104900000.0,58500000.0,0.5,0.5,0.3375,12420700000.0,1328600000.0,2009900000.0,10700000.0,7148500000.0,436500000.0,-478600000.0,20300000.0
WEC,2009-12-31,False,FY,2009,10-K,4127900000.0,663700000.0,382400000.0,3.27,3.24,1.35,12697900000.0,1461700000.0,1881900000.0,20900000.0,7473100000.0,628800000.0,-736100000.0,95700000.0
WEC,2010-03-31,False,Q1,2010,10-Q,1255900000.0,229700000.0,129700000.0,1.11,1.1,0.4,12721500000.0,1319900000.0,1255300000.0,12800000.0,8068300000.0,303700000.0,-171100000.0,-140700000.0
WEC,2010-06-30,False,Q2,2010,10-Q,890900000.0,163300000.0,88700000.0,0.76,0.75,0.4,12693500000.0,1273000000.0,1652700000.0,10500000.0,7650100000.0,423700000.0,-275300000.0,-158100000.0
WEC,2010-09-30,False,Q3,2010,10-Q,973200000.0,203000000.0,112200000.0,0.96,0.95,0.4,12718500000.0,1188600000.0,1609400000.0,11200000.0,7693800000.0,653700000.0,-410000000.0,-252700000.0
WEC,2010-12-31,False,FY,2010,10-K,4202500000.0,810400000.0,456500000.0,3.91,3.86,1.6,13059800000.0,1331100000.0,1721100000.0,24500000.0,3802100000.0,810400000.0,-633500000.0,-172600000.0
WEC,2011-03-31,False,Q1,2011,10-Q,1328700000.0,295600000.0,170900000.0,0.73,0.72,0.26,13188600000.0,1459800000.0,1340300000.0,236000000.0,8274200000.0,391000000.0,-144400000.0,-35100000.0
WEC,2011-06-30,False,Q2,2011,10-Q,991700000.0,174400000.0,109500000.0,0.47,0.46,0.26,13076300000.0,1171900000.0,1143700000.0,10600000.0,8312600000.0,648600000.0,-367500000.0,-295000000.0
WEC,2011-09-30,False,Q3,2011,10-Q,1052800000.0,224300000.0,129800000.0,0.56,0.55,0.26,13249500000.0,1132400000.0,1089400000.0,15100000.0,8590000000.0,827600000.0,-650300000.0,-186700000.0
WEC,2011-12-31,False,FY,2011,10-K,4486400000.0,887300000.0,526200000.0,2.26,2.24,1.04,13862100000.0,1426200000.0,1364500000.0,14100000.0,3963300000.0,993400000.0,-892500000.0,-111300000.0
WEC,2012-03-31,False,Q1,2012,10-Q,1191200000.0,295700000.0,172100000.0,0.75,0.74,0.3,13821300000.0,1279800000.0,1171900000.0,18100000.0,8684700000.0,340500000.0,-130400000.0,-206100000.0
WEC,2012-06-30,False,Q2,2012,10-Q,944700000.0,222600000.0,119300000.0,0.52,0.51,0.3,13887600000.0,1236900000.0,1428400000.0,13100000.0,8409000000.0,608700000.0,-312600000.0,-297100000.0
WEC,2012-09-30,False,Q3,2012,10-Q,1039300000.0,280600000.0,156100000.0,0.68,0.67,0.3,13834700000.0,1084800000.0,1387000000.0,13000000.0,8418200000.0,992400000.0,-491400000.0,-502100000.0
WEC,2012-12-31,False,FY,2012,10-K,4246400000.0,1000300000.0,546300000.0,2.37,2.35,1.2,14285000000.0,1313900000.0,1443300000.0,35600000.0,4135100000.0,1173900000.0,-729600000.0,-422800000.0
WEC,2013-03-31,False,Q1,2013,10-Q,1275200000.0,321000000.0,176600000.0,0.77,0.76,0.34,14295300000.0,1313800000.0,1278100000.0,24700000.0,8675000000.0,330300000.0,-145300000.0,-195900000.0
WEC,2013-06-30,False,Q2,2013,10-Q,1012300000.0,229500000.0,119000000.0,0.52,0.52,0.34,14317000000.0,1271100000.0,1280700000.0,21000000.0,8609000000.0,681500000.0,-336600000.0,-359500000.0
WEC,2013-09-30,False,Q3,2013,10-Q,1053200000.0,258000000.0,137500000.0,0.61,0.6,0.3825,14372800000.0,1238200000.0,1291200000.0,18500000.0,8599400000.0,1050300000.0,-544800000.0,-522600000.0
WEC,2013-12-31,False,FY,2013,10-K,4519000000.0,1080100000.0,577400000.0,2.54,2.51,1.445,14769400000.0,1551100000.0,1496400000.0,26000000.0,4233000000.0,1231000000.0,-745800000.0,-494800000.0
WEC,2014-03-31,False,Q1,2014,10-Q,1695000000.0,381800000.0,207600000.0,0.92,0.91,0.39,14800800000.0,1545000000.0,1424600000.0,27600000.0,8701200000.0,385100000.0,-139100000.0,-244400000.0
WEC,2014-06-30,False,Q2,2014,10-Q,1043700000.0,240700000.0,133000000.0,0.59,0.58,0.39,14619800000.0,1285500000.0,980800000.0,33400000.0,8985000000.0,721300000.0,-312900000.0,-401000000.0
WEC,2014-09-30,False,Q3,2014,10-Q,1033300000.0,246100000.0,126300000.0,0.56,0.56,0.39,14724900000.0,1274500000.0,1065600000.0,88700000.0,8998300000.0,1034600000.0,-528900000.0,-443000000.0
WEC,2014-12-31,False,FY,2014,10-K,4997100000.0,1112100000.0,588300000.0,2.61,2.59,1.56,15163400000.0,1535400000.0,1668700000.0,61900000.0,4419700000.0,1197700000.0,-756800000.0,-405000000.0
WEC,2015-03-31,False,Q1,2015,10-Q,1387900000.0,358800000.0,195800000.0,0.87,0.86,0.4225,15135600000.0,1326400000.0,1560300000.0,65200000.0,8710200000.0,329700000.0,-156300000.0,-170100000.0
WEC,2015-06-30,False,Q2,2015,10-Q,991200000.0,165800000.0,80900000.0,0.36,0.35,0.8629,28614500000.0,2276800000.0,2940300000.0,214400000.0,17085800000.0,715900000.0,-1679200000.0,1115800000.0
WEC,2015-09-30,False,Q3,2015,10-Q,1698700000.0,345700000.0,182500000.0,0.58,0.58,0.0,28769600000.0,2181900000.0,2666800000.0,22200000.0,4264900000.0,1073200000.0,-2095900000.0,983000000.0
WEC,2015-12-31,False,FY,2015,10-K,5926100000.0,1250500000.0,638500000.0,2.36,2.34,1.74,29355200000.0,2206800000.0,2709000000.0,49800000.0,8685200000.0,657300000.0,-1691800000.0,998500000.0
WEC,2016-03-31,False,Q1,2016,10-Q,2194800000.0,589300000.0,346200000.0,1.1,1.09,0.495,29104600000.0,1896400000.0,2229800000.0,34700000.0,4489700000.0,695900000.0,-188400000.0,-522600000.0
WEC,2016-06-30,False,Q2,2016,10-Q,1602000000.0,332100000.0,181400000.0,0.57,0.57,0.495,29175300000.0,1765900000.0,2137100000.0,32100000.0,4515000000.0,1224100000.0,-449100000.0,-792700000.0
WEC,2016-09-30,False,Q3,2016,10-Q,1712500000.0,399000000.0,217000000.0,0.69,0.68,0.495,29443500000.0,1817700000.0,2025500000.0,25000000.0,4575800000.0,1721900000.0,-841600000.0,-905100000.0
WEC,2016-12-31,False,FY,2016,10-K,7472300000.0,1682100000.0,939000000.0,2.98,2.96,1.98,30123200000.0,2168700000.0,2431600000.0,37500000.0,8960200000.0,590600000.0,-75800000.0,-514900000.0
WEC,2017-03-31,False,Q1,2017,10-Q,2304500000.0,617300000.0,356600000.0,1.13,1.12,0.52,30016600000.0,1855300000.0,2054600000.0,45700000.0,9125600000.0,714600000.0,-325600000.0,-380800000.0
WEC,2017-06-30,False,Q2,2017,10-Q,1631500000.0,362200000.0,199100000.0,0.63,0.63,0.52,30559600000.0,1779700000.0,2787300000.0,36500000.0,9152800000.0,1268000000.0,-1023900000.0,-245100000.0
WEC,2017-09-30,False,Q3,2017,10-Q,1657500000.0,393600000.0,215400000.0,0.68,0.68,0.52,31013000000.0,1823300000.0,3026100000.0,18100000.0,9195300000.0,1746700000.0,-1552000000.0,-214100000.0
