symbol,end_date,amend,period_focus,fiscal_year,doc_type,revenues,op_income,net_income,eps_basic,eps_diluted,dividend,assets,cur_assets,cur_liab,cash,equity,cash_flow_op,cash_flow_inv,cash_flow_fin
WFM,2011-07-03,False,Q3,2011,10-Q,2399781000.0,140625000.0,88472000.0,0.5,0.5,0.1,4113551000.0,1316404000.0,856121000.0,289107000.0,2845116000.0,595203000.0,-142911000.0,-297317000.0
WFM,2011-09-25,False,FY,2011,10-K,10107787000.0,547620000.0,342612000.0,1.96,1.93,0.4,4292075000.0,1453144000.0,879361000.0,212004000.0,2991305000.0,754845000.0,-450724000.0,-223554000.0
WFM,2012-01-15,False,Q1,2012,10-Q,3390940000.0,190338000.0,118327000.0,0.66,0.65,0.14,4528241000.0,1677087000.0,896972000.0,529954000.0,3182747000.0,260896000.0,-6963000.0,63562000.0
WFM,2012-04-08,False,Q2,2012,10-Q,2670282000.0,189383000.0,117665000.0,0.65,0.64,0.14,4874119000.0,1900177000.0,952223000.0,175375000.0,3454958000.0,516681000.0,-760035000.0,205716000.0
WFM,2012-07-01,False,Q3,2012,10-Q,2727279000.0,188188000.0,116849000.0,0.64,0.63,0.14,5088886000.0,1925558000.0,957238000.0,135457000.0,3641305000.0,727332000.0,-1070647000.0,266600000.0
WFM,2012-09-30,False,FY,2012,10-K,11698828000.0,743506000.0,465573000.0,2.55,2.52,0.56,5294216000.0,2102631000.0,977188000.0,89016000.0,3802469000.0,919715000.0,-1341349000.0,297166000.0
WFM,2013-01-20,False,Q1,2013,10-Q,3856000000.0,235000000.0,146000000.0,0.79,0.78,2.2,5079000000.0,1852000000.0,1002000000.0,152000000.0,3543000000.0,303000000.0,170000000.0,-410000000.0
WFM,2013-04-14,False,Q2,2013,10-Q,3027000000.0,228000000.0,142000000.0,0.77,0.76,0.2,5181000000.0,1963000000.0,1009000000.0,202000000.0,3632000000.0,590000000.0,-3000000.0,-473000000.0
WFM,2013-07-07,False,Q3,2013,10-Q,3058000000.0,228000000.0,142000000.0,0.38,0.38,0.1,5394000000.0,1901000000.0,1054000000.0,311000000.0,3785000000.0,818000000.0,-124000000.0,-469000000.0
WFM,2013-09-29,False,FY,2013,10-K,12917000000.0,883000000.0,551000000.0,1.48,1.47,1.4,5538000000.0,1980000000.0,1088000000.0,290000000.0,3878000000.0,1009000000.0,-289000000.0,-517000000.0
WFM,2014-01-19,False,Q1,2014,10-Q,4239000000.0,255000000.0,158000000.0,0.42,0.42,0.12,5720000000.0,2075000000.0,1166000000.0,271000000.0,3963000000.0,337000000.0,-273000000.0,-78000000.0
WFM,2014-04-13,False,Q2,2014,10-Q,3322000000.0,231000000.0,142000000.0,0.38,0.38,0.12,5894000000.0,2087000000.0,1229000000.0,305000000.0,4036000000.0,619000000.0,-431000000.0,-168000000.0
WFM,2014-07-06,False,Q3,2014,10-Q,3377000000.0,243000000.0,151000000.0,0.41,0.41,0.12,5734000000.0,1839000000.0,1282000000.0,264000000.0,3813000000.0,859000000.0,-321000000.0,-562000000.0
WFM,2014-09-28,False,FY,2014,10-K,14194000000.0,934000000.0,579000000.0,1.57,1.56,0.48,5744000000.0,1756000000.0,1257000000.0,190000000.0,3813000000.0,1088000000.0,-484000000.0,-698000000.0
WFM,2015-01-18,False,Q1,2015,10-Q,4671000000.0,271000000.0,167000000.0,0.46,0.46,0.13,5953000000.0,1819000000.0,1339000000.0,266000000.0,3926000000.0,387000000.0,-251000000.0,-59000000.0
WFM,2015-04-12,False,Q2,2015,10-Q,3647000000.0,255000000.0,158000000.0,0.44,0.44,0.13,6052000000.0,1852000000.0,1323000000.0,323000000.0,4032000000.0,709000000.0,-452000000.0,-123000000.0
WFM,2015-07-05,False,Q3,2015,10-Q,3632000000.0,247000000.0,154000000.0,0.43,0.43,0.13,6036000000.0,1804000000.0,1257000000.0,257000000.0,4070000000.0,997000000.0,-671000000.0,-255000000.0
WFM,2015-09-27,False,FY,2015,10-K,15389000000.0,861000000.0,536000000.0,1.49,1.48,0.52,5741000000.0,1544000000.0,1252000000.0,237000000.0,3769000000.0,1129000000.0,-455000000.0,-622000000.0
WFM,2016-01-17,False,Q1,2016,10-Q,4829000000.0,252000000.0,157000000.0,0.47,0.46,0.135,6236000000.0,2018000000.0,1238000000.0,679000000.0,3262000000.0,232000000.0,-108000000.0,319000000.0
WFM,2016-04-10,False,Q2,2016,10-Q,3696000000.0,241000000.0,142000000.0,0.44,0.44,0.135,6362000000.0,2084000000.0,1329000000.0,805000000.0,3285000000.0,575000000.0,-184000000.0,174000000.0
WFM,2016-07-03,False,Q3,2016,10-Q,3703000000.0,209000000.0,120000000.0,0.37,0.37,0.135,6275000000.0,1925000000.0,1324000000.0,472000000.0,3185000000.0,764000000.0,-477000000.0,-57000000.0
WFM,2016-09-25,False,FY,2016,10-K,15724000000.0,857000000.0,507000000.0,1.55,1.55,0.54,6341000000.0,1975000000.0,1341000000.0,351000000.0,3224000000.0,1116000000.0,-895000000.0,-113000000.0
WFM,2017-01-15,False,Q1,2017,10-Q,4918000000.0,171000000.0,95000000.0,0.3,0.3,0.14,6382000000.0,1987000000.0,1300000000.0,350000000.0,3292000000.0,284000000.0,-244000000.0,-38000000.0
WFM,2017-04-09,False,Q2,2017,10-Q,3737000000.0,171000000.0,99000000.0,0.31,0.31,0.14,6513000000.0,2108000000.0,1337000000.0,412000000.0,3359000000.0,624000000.0,-480000000.0,-81000000.0
WFM,2017-07-02,False,Q3,2017,10-Q,3725000000.0,180000000.0,106000000.0,0.33,0.33,0.18,6610000000.0,2191000000.0,1324000000.0,279000000.0,3458000000.0,901000000.0,-887000000.0,-88000000.0
WFM,2017-09-24,False,FY,2017,10-K,16030000000.0,459000000.0,245000000.0,,,0.46,6676000000.0,2145000000.0,1355000000.0,322000000.0,3430000000.0,1138000000.0,-906000000.0,-265000000.0
WFMI,2010-07-04,False,Q3,2010,10-Q,2163181000.0,115570000.0,65729000.0,0.38,0.38,0.0,3888665000.0,1122307000.0,721001000.0,136144000.0,2299918000.0,460930000.0,-583236000.0,-172015000.0
WFMI,2010-09-26,False,FY,2010,10-K,9005794000.0,437975000.0,240355000.0,1.45,1.43,0.0,3986540000.0,1161519000.0,747872000.0,131996000.0,2373258000.0,585285000.0,-715406000.0,-168906000.0
WFMI,2011-01-16,False,Q1,2011,10-Q,3003655000.0,147559000.0,88730000.0,0.51,0.51,0.1,4121024000.0,1300580000.0,822153000.0,162280000.0,2514585000.0,253037000.0,-180476000.0,-43504000.0
WFMI,2011-04-10,False,Q2,2011,10-Q,2350518000.0,142128000.0,89935000.0,0.51,0.51,0.1,4136574000.0,1302886000.0,844404000.0,162103000.0,2702735000.0,402817000.0,-219988000.0,-155153000.0
