symbol,end_date,amend,period_focus,fiscal_year,doc_type,revenues,op_income,net_income,eps_basic,eps_diluted,dividend,assets,cur_assets,cur_liab,cash,equity,cash_flow_op,cash_flow_inv,cash_flow_fin
WHR,2010-06-30,False,Q2,2010,10-Q,4534000000.0,331000000.0,205000000.0,2.69,2.64,0.43,14732000000.0,6861000000.0,5905000000.0,850000000.0,3791000000.0,170000000.0,-276000000.0,-380000000.0
WHR,2010-09-30,False,Q3,2010,10-Q,4519000000.0,234000000.0,79000000.0,1.04,1.02,0.43,15599000000.0,7458000000.0,6321000000.0,901000000.0,4129000000.0,377000000.0,-423000000.0,-431000000.0
WHR,2010-12-31,False,FY,2010,10-K,18366000000.0,1008000000.0,619000000.0,8.12,7.97,1.72,15584000000.0,7315000000.0,6149000000.0,1368000000.0,4320000000.0,1078000000.0,-606000000.0,-495000000.0
WHR,2011-03-31,False,Q1,2011,10-Q,4401000000.0,228000000.0,169000000.0,2.21,2.17,0.43,15609000000.0,7201000000.0,5937000000.0,1026000000.0,4572000000.0,-224000000.0,-119000000.0,-29000000.0
WHR,2011-06-30,False,Q2,2011,10-Q,4730000000.0,223000000.0,-161000000.0,-2.1,-2.1,0.5,15914000000.0,7215000000.0,6869000000.0,845000000.0,4499000000.0,-234000000.0,-277000000.0,-58000000.0
WHR,2011-09-30,False,Q3,2011,10-Q,4625000000.0,136000000.0,177000000.0,2.31,2.27,0.5,15003000000.0,6460000000.0,6243000000.0,511000000.0,4337000000.0,-342000000.0,-408000000.0,-104000000.0
WHR,2011-12-31,False,FY,2011,10-K,18666000000.0,792000000.0,390000000.0,5.07,4.99,1.93,15181000000.0,6422000000.0,6297000000.0,1109000000.0,4280000000.0,530000000.0,-596000000.0,-166000000.0
WHR,2012-03-31,False,Q1,2012,10-Q,4349000000.0,205000000.0,92000000.0,1.19,1.17,0.5,15015000000.0,6277000000.0,6509000000.0,583000000.0,4458000000.0,-423000000.0,-92000000.0,-34000000.0
WHR,2012-06-30,False,Q2,2012,10-Q,4511000000.0,195000000.0,113000000.0,1.45,1.43,0.5,14607000000.0,6277000000.0,6060000000.0,426000000.0,4318000000.0,-355000000.0,-185000000.0,-137000000.0
WHR,2012-09-30,False,Q3,2012,10-Q,4495000000.0,214000000.0,74000000.0,0.95,0.94,0.5,14972000000.0,6604000000.0,6360000000.0,518000000.0,4441000000.0,-161000000.0,-274000000.0,-161000000.0
WHR,2012-12-31,False,FY,2012,10-K,18143000000.0,869000000.0,401000000.0,5.14,5.06,2.0,15396000000.0,6827000000.0,6510000000.0,1168000000.0,4367000000.0,696000000.0,-494000000.0,-148000000.0
WHR,2013-03-31,False,Q1,2013,10-Q,4248000000.0,254000000.0,252000000.0,3.18,3.12,0.5,15331000000.0,6715000000.0,5801000000.0,750000000.0,4586000000.0,-305000000.0,-97000000.0,-14000000.0
WHR,2013-06-30,False,Q2,2013,10-Q,4748000000.0,328000000.0,198000000.0,2.48,2.44,0.625,15274000000.0,6608000000.0,6231000000.0,670000000.0,4658000000.0,-196000000.0,-215000000.0,-69000000.0
WHR,2013-09-30,False,Q3,2013,10-Q,4683000000.0,313000000.0,196000000.0,2.46,2.42,0.625,15660000000.0,7003000000.0,6679000000.0,826000000.0,4786000000.0,242000000.0,-353000000.0,-219000000.0
WHR,2013-12-31,False,FY,2013,10-K,18769000000.0,1249000000.0,827000000.0,10.42,10.24,2.38,15544000000.0,7022000000.0,6794000000.0,1380000000.0,5034000000.0,1262000000.0,-582000000.0,-434000000.0
WHR,2014-03-31,False,Q1,2014,10-Q,4363000000.0,281000000.0,160000000.0,2.06,2.02,0.625,16040000000.0,7583000000.0,6454000000.0,1672000000.0,5213000000.0,-339000000.0,-138000000.0,770000000.0
WHR,2014-06-30,False,Q2,2014,10-Q,4682000000.0,291000000.0,179000000.0,2.29,2.25,0.75,15608000000.0,7045000000.0,6118000000.0,945000000.0,5351000000.0,-368000000.0,-290000000.0,215000000.0
WHR,2014-09-30,False,Q3,2014,10-Q,4824000000.0,335000000.0,230000000.0,2.92,2.88,0.75,15708000000.0,6959000000.0,6402000000.0,987000000.0,5311000000.0,-128000000.0,-748000000.0,511000000.0
WHR,2014-12-31,False,FY,2014,10-K,19872000000.0,1188000000.0,650000000.0,8.3,8.17,2.88,20002000000.0,8098000000.0,8403000000.0,1026000000.0,5796000000.0,1479000000.0,-2456000000.0,705000000.0
WHR,2015-03-31,False,Q1,2015,10-Q,4846000000.0,303000000.0,191000000.0,2.42,2.38,0.75,19208000000.0,7714000000.0,7390000000.0,704000000.0,5744000000.0,-569000000.0,-97000000.0,387000000.0
WHR,2015-06-30,False,Q2,2015,10-Q,5208000000.0,273000000.0,177000000.0,2.24,2.21,0.9,19513000000.0,7873000000.0,7796000000.0,691000000.0,5848000000.0,-397000000.0,-243000000.0,342000000.0
WHR,2015-09-30,False,Q3,2015,10-Q,5277000000.0,329000000.0,235000000.0,2.98,2.95,0.9,19623000000.0,7879000000.0,8211000000.0,698000000.0,5789000000.0,-157000000.0,-407000000.0,296000000.0
WHR,2015-12-31,False,FY,2015,10-K,20891000000.0,1285000000.0,783000000.0,9.95,9.83,3.45,19010000000.0,7325000000.0,7744000000.0,772000000.0,5674000000.0,1225000000.0,-681000000.0,-707000000.0
WHR,2016-03-31,False,Q1,2016,10-Q,4616000000.0,283000000.0,150000000.0,1.94,1.92,0.9,19672000000.0,7894000000.0,8687000000.0,699000000.0,5696000000.0,-661000000.0,-93000000.0,670000000.0
WHR,2016-06-30,False,Q2,2016,10-Q,5198000000.0,366000000.0,320000000.0,4.2,4.15,1.0,19968000000.0,8373000000.0,8526000000.0,959000000.0,5833000000.0,-404000000.0,-152000000.0,742000000.0
WHR,2016-09-30,False,Q3,2016,10-Q,5248000000.0,370000000.0,238000000.0,3.14,3.1,1.0,20190000000.0,8587000000.0,8701000000.0,1025000000.0,5967000000.0,-175000000.0,-303000000.0,729000000.0
WHR,2016-12-31,False,FY,2016,10-K,20718000000.0,1354000000.0,888000000.0,11.67,11.5,3.9,19153000000.0,7339000000.0,7662000000.0,1085000000.0,5728000000.0,1203000000.0,-588000000.0,-278000000.0
WHR,2017-03-31,False,Q1,2017,10-Q,4786000000.0,264000000.0,153000000.0,2.05,2.01,1.0,19480000000.0,7704000000.0,7972000000.0,951000000.0,5775000000.0,-435000000.0,-63000000.0,339000000.0
WHR,2017-06-30,False,Q2,2017,10-Q,5347000000.0,274000000.0,189000000.0,2.55,2.52,1.1,20206000000.0,8229000000.0,9056000000.0,1041000000.0,5680000000.0,-191000000.0,-202000000.0,313000000.0
WHR,2017-09-30,False,Q3,2017,10-Q,5418000000.0,331000000.0,276000000.0,3.78,3.72,1.1,20838000000.0,8649000000.0,9636000000.0,1087000000.0,5687000000.0,-33000000.0,-349000000.0,335000000.0
