symbol,end_date,amend,period_focus,fiscal_year,doc_type,revenues,op_income,net_income,eps_basic,eps_diluted,dividend,assets,cur_assets,cur_liab,cash,equity,cash_flow_op,cash_flow_inv,cash_flow_fin
WM,2009-09-30,False,Q3,2009,10-Q,3023000000.0,525000000.0,277000000.0,0.56,0.56,0.29,20392000000.0,2510000000.0,2805000000.0,612000000.0,6521000000.0,1642000000.0,-830000000.0,-683000000.0
WM,2009-12-31,False,FY,2009,10-K,11791000000.0,1887000000.0,994000000.0,2.02,2.01,1.16,21154000000.0,3010000000.0,2901000000.0,1140000000.0,6591000000.0,2362000000.0,-1250000000.0,-457000000.0
WM,2010-03-31,False,Q1,2010,10-Q,2935000000.0,412000000.0,182000000.0,0.37,0.37,0.315,20995000000.0,2719000000.0,2670000000.0,871000000.0,6541000000.0,496000000.0,-435000000.0,-331000000.0
WM,2010-06-30,False,Q2,2010,10-Q,3158000000.0,586000000.0,246000000.0,0.51,0.51,0.315,21759000000.0,3156000000.0,2858000000.0,1169000000.0,6408000000.0,976000000.0,-823000000.0,-123000000.0
WM,2010-09-30,False,Q3,2010,10-Q,3235000000.0,544000000.0,244000000.0,0.51,0.51,0.315,21339000000.0,2569000000.0,2311000000.0,550000000.0,6439000000.0,1653000000.0,-1175000000.0,-1069000000.0
WM,2011-03-31,False,Q1,2011,10-Q,3103000000.0,427000000.0,186000000.0,0.39,0.39,0.34,21648000000.0,2548000000.0,2363000000.0,676000000.0,6632000000.0,600000000.0,-462000000.0,-3000000.0
WM,2011-06-30,False,Q2,2011,10-Q,3347000000.0,506000000.0,237000000.0,0.5,0.5,0.34,21583000000.0,2374000000.0,2295000000.0,371000000.0,6623000000.0,1078000000.0,-824000000.0,-425000000.0
WM,2011-09-30,False,Q3,2011,10-Q,3522000000.0,543000000.0,272000000.0,0.58,0.58,0.34,22052000000.0,2419000000.0,2527000000.0,282000000.0,6285000000.0,1737000000.0,-1535000000.0,-459000000.0
WM,2011-12-31,False,FY,2011,10-K,13378000000.0,2028000000.0,961000000.0,2.05,2.04,1.36,22569000000.0,2379000000.0,3068000000.0,258000000.0,6390000000.0,2469000000.0,-2185000000.0,-566000000.0
WM,2012-03-31,False,Q1,2012,10-Q,3295000000.0,401000000.0,171000000.0,0.37,0.37,0.355,22535000000.0,2285000000.0,3047000000.0,189000000.0,6481000000.0,475000000.0,-503000000.0,-42000000.0
WM,2012-06-30,False,Q2,2012,10-Q,3459000000.0,466000000.0,208000000.0,0.45,0.45,0.355,22691000000.0,2454000000.0,3187000000.0,237000000.0,6487000000.0,1144000000.0,-903000000.0,-262000000.0
WM,2012-09-30,False,Q3,2012,10-Q,3461000000.0,500000000.0,214000000.0,0.46,0.46,0.355,23073000000.0,2659000000.0,3187000000.0,398000000.0,6612000000.0,1718000000.0,-1361000000.0,-219000000.0
WM,2012-12-31,False,FY,2012,10-K,13649000000.0,1851000000.0,817000000.0,1.76,1.76,1.42,23097000000.0,2423000000.0,3036000000.0,194000000.0,6675000000.0,2295000000.0,-1830000000.0,-530000000.0
WM,2013-03-31,False,Q1,2013,10-Q,3336000000.0,402000000.0,168000000.0,0.36,0.36,0.365,23155000000.0,2497000000.0,3188000000.0,307000000.0,6716000000.0,577000000.0,-421000000.0,-41000000.0
WM,2013-06-30,False,Q2,2013,10-Q,3526000000.0,510000000.0,244000000.0,0.52,0.52,0.365,23012000000.0,2404000000.0,3022000000.0,154000000.0,6818000000.0,1122000000.0,-693000000.0,-465000000.0
WM,2013-09-30,False,Q3,2013,10-Q,3621000000.0,577000000.0,291000000.0,0.62,0.62,0.365,23613000000.0,2417000000.0,2862000000.0,157000000.0,7015000000.0,1858000000.0,-1432000000.0,-459000000.0
WM,2013-12-31,False,FY,2013,10-K,13983000000.0,1079000000.0,98000000.0,0.21,0.21,1.46,22603000000.0,2499000000.0,3014000000.0,58000000.0,6002000000.0,2455000000.0,-1900000000.0,-687000000.0
WM,2014-03-31,False,Q1,2014,10-Q,3396000000.0,469000000.0,228000000.0,0.49,0.49,0.375,22442000000.0,2535000000.0,3357000000.0,339000000.0,6039000000.0,584000000.0,-122000000.0,-179000000.0
WM,2014-06-30,False,Q2,2014,10-Q,3561000000.0,532000000.0,210000000.0,0.45,0.45,0.375,22179000000.0,2355000000.0,2980000000.0,137000000.0,6147000000.0,1139000000.0,-294000000.0,-766000000.0
WM,2014-09-30,False,Q3,2014,10-Q,3602000000.0,546000000.0,270000000.0,0.59,0.58,0.375,22211000000.0,4116000000.0,3789000000.0,183000000.0,5663000000.0,1811000000.0,-576000000.0,-1107000000.0
WM,2014-12-31,False,FY,2014,10-K,13996000000.0,2299000000.0,1298000000.0,2.8,2.79,1.5,21412000000.0,3641000000.0,3485000000.0,1307000000.0,5889000000.0,2331000000.0,995000000.0,-2072000000.0
WM,2015-03-31,False,Q1,2015,10-Q,3040000000.0,440000000.0,-129000000.0,-0.28,-0.28,0.385,20691000000.0,2617000000.0,2273000000.0,277000000.0,5575000000.0,499000000.0,-628000000.0,-898000000.0
WM,2015-06-30,False,Q2,2015,10-Q,3315000000.0,502000000.0,274000000.0,0.6,0.6,0.385,20578000000.0,2553000000.0,2477000000.0,273000000.0,5407000000.0,1315000000.0,-879000000.0,-1469000000.0
WM,2015-09-30,False,Q3,2015,10-Q,3360000000.0,601000000.0,335000000.0,0.75,0.74,0.385,20402000000.0,2399000000.0,2442000000.0,113000000.0,5257000000.0,1972000000.0,-1181000000.0,-1983000000.0
WM,2015-12-31,False,FY,2015,10-K,12961000000.0,2045000000.0,753000000.0,1.66,1.65,1.54,20419000000.0,2345000000.0,2510000000.0,39000000.0,5367000000.0,2498000000.0,-1608000000.0,-2155000000.0
WM,2016-03-31,False,Q1,2016,10-Q,3176000000.0,508000000.0,258000000.0,0.58,0.58,0.41,20781000000.0,2302000000.0,2560000000.0,104000000.0,5310000000.0,706000000.0,-847000000.0,206000000.0
WM,2016-06-30,False,Q2,2016,10-Q,3425000000.0,611000000.0,287000000.0,0.65,0.64,0.41,20752000000.0,2276000000.0,2806000000.0,39000000.0,5228000000.0,1454000000.0,-1186000000.0,-269000000.0
WM,2016-09-30,False,Q3,2016,10-Q,3548000000.0,560000000.0,302000000.0,0.68,0.68,0.41,20756000000.0,2293000000.0,2664000000.0,30000000.0,5383000000.0,2207000000.0,-1550000000.0,-666000000.0
WM,2016-12-31,False,FY,2016,10-K,13609000000.0,2296000000.0,1182000000.0,2.66,2.65,1.64,20859000000.0,2376000000.0,2794000000.0,32000000.0,5320000000.0,2960000000.0,-1932000000.0,-1035000000.0
WM,2017-03-31,False,Q1,2017,10-Q,3440000000.0,558000000.0,298000000.0,0.68,0.67,0.425,20650000000.0,2223000000.0,2558000000.0,30000000.0,5538000000.0,721000000.0,-340000000.0,-383000000.0
WM,2017-06-30,False,Q2,2017,10-Q,3677000000.0,673000000.0,362000000.0,0.82,0.81,0.425,20839000000.0,2326000000.0,2770000000.0,32000000.0,5507000000.0,1534000000.0,-677000000.0,-857000000.0
WM,2017-09-30,False,Q3,2017,10-Q,3716000000.0,701000000.0,386000000.0,0.88,0.87,0.425,20949000000.0,2300000000.0,3259000000.0,35000000.0,5300000000.0,2390000000.0,-984000000.0,-1404000000.0
WMI,2009-06-30,False,Q2,2009,10-Q,2952000000.0,534000000.0,247000000.0,0.5,0.5,0.29,20148000000.0,2417000000.0,2235000000.0,528000000.0,6367000000.0,1067000000.0,-563000000.0,-456000000.0
WMI,2010-12-31,False,FY,2010,10-K,12515000000.0,2116000000.0,953000000.0,1.98,1.98,1.26,21476000000.0,2482000000.0,2485000000.0,539000000.0,6591000000.0,2275000000.0,-1606000000.0,-1273000000.0
