symbol,end_date,amend,period_focus,fiscal_year,doc_type,revenues,op_income,net_income,eps_basic,eps_diluted,dividend,assets,cur_assets,cur_liab,cash,equity,cash_flow_op,cash_flow_inv,cash_flow_fin
WU,2009-03-31,False,Q1,2009,10-Q,1201200000.0,340900000.0,223900000.0,0.32,0.32,0.0,5654000000.0,,,1510000000.0,113900000.0,356600000.0,39600000.0,-181800000.0
WU,2009-06-30,False,Q2,2009,10-Q,1254300000.0,341700000.0,220200000.0,0.31,0.31,0.0,5859200000.0,,,1782400000.0,285600000.0,606300000.0,60900000.0,-180400000.0
WU,2009-09-30,False,Q3,2009,10-Q,1314100000.0,281500000.0,181000000.0,0.26,0.26,0.0,6214200000.0,,,1625400000.0,327600000.0,958000000.0,-329500000.0,-298700000.0
WU,2009-12-31,False,FY,2009,10-K,5083600000.0,1282700000.0,848800000.0,1.21,1.21,0.0,7353400000.0,,,1685200000.0,353500000.0,1218100000.0,-324100000.0,-504400000.0
WU,2010-03-31,False,Q1,2010,10-Q,1232700000.0,315800000.0,207900000.0,0.3,0.3,0.0,7041000000.0,,,1529800000.0,380600000.0,74400000.0,2200000.0,-232000000.0
WU,2010-06-30,False,Q2,2010,10-Q,1273400000.0,311000000.0,221000000.0,0.33,0.33,0.0,7347700000.0,,,1746800000.0,399700000.0,326100000.0,-26700000.0,-237800000.0
WU,2010-09-30,False,Q3,2010,10-Q,1329600000.0,351200000.0,238400000.0,0.36,0.36,0.0,7570400000.0,,,1996700000.0,437800000.0,709900000.0,-73200000.0,-325200000.0
WU,2010-12-31,False,FY,2010,10-K,5192700000.0,1300100000.0,909900000.0,1.37,1.36,0.0,7929200000.0,,,2157400000.0,582700000.0,994400000.0,-64600000.0,-457600000.0
WU,2011-03-31,False,Q1,2011,10-Q,1283000000.0,312900000.0,210200000.0,0.32,0.32,0.07,7887700000.0,,,2215800000.0,280300000.0,251600000.0,-21900000.0,-171300000.0
WU,2011-06-30,False,Q2,2011,10-Q,1366300000.0,350700000.0,263200000.0,0.42,0.41,0.08,8009500000.0,,,2089700000.0,379100000.0,506300000.0,-211100000.0,-362900000.0
WU,2011-09-30,False,Q3,2011,10-Q,1410800000.0,363000000.0,239700000.0,0.38,0.38,0.08,8819700000.0,,,2671100000.0,501900000.0,882800000.0,-261200000.0,-107900000.0
WU,2011-12-31,False,FY,2011,10-K,5491400000.0,1385000000.0,1165400000.0,1.85,1.84,0.0,9069900000.0,,,1370900000.0,894800000.0,1174900000.0,-1360300000.0,-601100000.0
WU,2012-03-31,False,Q1,2012,10-Q,1393400000.0,332500000.0,247300000.0,0.4,0.4,0.1,9197800000.0,,,1395900000.0,967400000.0,215000000.0,-75800000.0,-114200000.0
WU,2012-06-30,False,Q2,2012,10-Q,1425100000.0,345900000.0,271200000.0,0.44,0.44,0.1,9166000000.0,,,1403800000.0,1052800000.0,445700000.0,-126100000.0,-286700000.0
WU,2012-09-30,False,Q3,2012,10-Q,1421600000.0,365600000.0,269500000.0,0.45,0.45,0.1,9355100000.0,,,1433000000.0,1146700000.0,859600000.0,-163800000.0,-633700000.0
WU,2012-12-31,False,FY,2012,10-K,5664800000.0,1330000000.0,1025900000.0,1.7,1.69,0.425,9465700000.0,,,1776500000.0,940600000.0,1185300000.0,-258200000.0,-521500000.0
WU,2013-03-31,False,Q1,2013,10-Q,1325400000.0,296900000.0,212000000.0,0.37,0.37,0.125,9361700000.0,,,1417100000.0,917600000.0,237300000.0,-37900000.0,-558800000.0
WU,2013-06-30,False,Q2,2013,10-Q,1385900000.0,276800000.0,198600000.0,0.36,0.36,0.125,9589400000.0,,,1395400000.0,928600000.0,477500000.0,-106700000.0,-751900000.0
WU,2013-09-30,False,Q3,2013,10-Q,1408800000.0,295300000.0,214400000.0,0.39,0.39,0.125,9940900000.0,,,1742700000.0,1050300000.0,810900000.0,-266200000.0,-578500000.0
WU,2013-12-31,False,FY,2013,10-K,5542000000.0,1107400000.0,798400000.0,1.43,1.43,0.5,10121300000.0,,,2073100000.0,1104700000.0,1088600000.0,-341300000.0,-450700000.0
WU,2014-03-31,False,Q1,2014,10-Q,1350800000.0,272000000.0,203000000.0,0.37,0.37,0.125,9922600000.0,,,1694000000.0,1067700000.0,196800000.0,44400000.0,-620300000.0
WU,2014-06-30,False,Q2,2014,10-Q,1405600000.0,278300000.0,193800000.0,0.36,0.36,0.125,9874600000.0,,,1604700000.0,1070200000.0,450100000.0,-6700000.0,-911800000.0
WU,2014-09-30,False,Q3,2014,10-Q,1440900000.0,314100000.0,234100000.0,0.44,0.44,0.125,9846600000.0,,,1667400000.0,1179700000.0,775300000.0,-39700000.0,-1141300000.0
WU,2014-12-31,False,FY,2014,10-K,5607200000.0,1140500000.0,852400000.0,1.6,1.59,0.5,9890400000.0,,,1783200000.0,1300400000.0,1045900000.0,-89400000.0,-1246400000.0
WU,2015-03-31,False,Q1,2015,10-Q,1320900000.0,272300000.0,203900000.0,0.39,0.39,0.155,10353000000.0,,,1755300000.0,1349900000.0,211800000.0,-44400000.0,-195300000.0
WU,2015-06-30,False,Q2,2015,10-Q,1383600000.0,250800000.0,189300000.0,0.37,0.36,0.155,10063800000.0,,,1630500000.0,1307400000.0,465700000.0,-222400000.0,-396000000.0
WU,2015-09-30,False,Q3,2015,10-Q,1399200000.0,304500000.0,232300000.0,0.46,0.45,0.155,9815900000.0,,,1414400000.0,1347200000.0,804200000.0,-317900000.0,-855100000.0
WU,2015-12-31,False,FY,2015,10-K,5483700000.0,1109400000.0,837800000.0,1.63,1.62,0.62,9458900000.0,,,1315900000.0,1404900000.0,1071100000.0,-286400000.0,-1252000000.0
WU,2016-03-31,False,Q1,2016,10-Q,1297700000.0,258600000.0,185700000.0,0.37,0.37,0.16,9418300000.0,,,1160000000.0,1239000000.0,212700000.0,-63300000.0,-305300000.0
WU,2016-06-30,False,Q2,2016,10-Q,1375700000.0,260300000.0,205600000.0,0.42,0.42,0.16,9394900000.0,,,1162600000.0,1314400000.0,485600000.0,-157100000.0,-481800000.0
WU,2016-09-30,False,Q3,2016,10-Q,1377800000.0,278300000.0,216900000.0,0.45,0.44,0.16,9518700000.0,,,1280700000.0,1387600000.0,821900000.0,-233900000.0,-623200000.0
WU,2016-12-31,False,FY,2016,10-K,5422900000.0,483700000.0,253200000.0,0.52,0.51,0.64,9419600000.0,,,877500000.0,902200000.0,1041900000.0,-271100000.0,-1209200000.0
WU,2017-03-31,False,Q1,2017,10-Q,1302400000.0,239500000.0,161700000.0,0.34,0.33,0.175,9486000000.0,,,1323300000.0,750300000.0,86300000.0,-50600000.0,410100000.0
WU,2017-06-30,False,Q2,2017,10-Q,1378900000.0,214800000.0,166500000.0,0.35,0.35,0.175,9408200000.0,,,1059200000.0,661200000.0,-24000000.0,-91300000.0,297000000.0
WU,2017-09-30,False,Q3,2017,10-Q,1404700000.0,271600000.0,235600000.0,0.51,0.51,0.175,9873600000.0,,,1034700000.0,709400000.0,423100000.0,-286100000.0,20200000.0
