symbol,end_date,amend,period_focus,fiscal_year,doc_type,revenues,op_income,net_income,eps_basic,eps_diluted,dividend,assets,cur_assets,cur_liab,cash,equity,cash_flow_op,cash_flow_inv,cash_flow_fin
WY,2009-06-30,False,Q2,2009,10-Q,1391000000.0,-62000000.0,-106000000.0,-0.5,-0.5,0.25,15842000000.0,3601000000.0,1519000000.0,1746000000.0,4277000000.0,-310000000.0,-74000000.0,-164000000.0
WY,2009-09-30,False,Q3,2009,10-Q,1407000000.0,123000000.0,0.0,0.0,0.0,0.05,15365000000.0,3393000000.0,1077000000.0,1628000000.0,4365000000.0,-276000000.0,200000000.0,-590000000.0
WY,2009-12-31,False,FY,2009,10-K,5528000000.0,-447000000.0,-545000000.0,-2.58,-2.58,0.6,15250000000.0,3667000000.0,955000000.0,1869000000.0,4054000000.0,-162000000.0,263000000.0,-526000000.0
WY,2010-03-31,False,Q1,2010,10-Q,1419000000.0,84000000.0,-20000000.0,-0.1,-0.1,0.05,15175000000.0,3480000000.0,936000000.0,2160000000.0,4057000000.0,190000000.0,138000000.0,-37000000.0
WY,2010-06-30,False,Q2,2010,10-Q,1805000000.0,164000000.0,14000000.0,0.07,0.07,0.05,14708000000.0,3073000000.0,989000000.0,1846000000.0,4111000000.0,433000000.0,197000000.0,-653000000.0
WY,2010-09-30,False,Q3,2010,10-Q,1664000000.0,167000000.0,1116000000.0,3.52,3.5,26.46,14053000000.0,2612000000.0,1007000000.0,1368000000.0,4616000000.0,551000000.0,178000000.0,-1230000000.0
WY,2010-12-31,False,FY,2010,10-K,6552000000.0,468000000.0,1281000000.0,4.0,3.99,26.61,13429000000.0,2589000000.0,1074000000.0,1467000000.0,4614000000.0,744000000.0,143000000.0,-1289000000.0
WY,2011-03-31,False,Q1,2011,10-Q,1578000000.0,238000000.0,99000000.0,0.18,0.18,0.15,13580000000.0,2748000000.0,1045000000.0,1463000000.0,4704000000.0,-109000000.0,151000000.0,-46000000.0
WY,2011-06-30,False,Q2,2011,10-Q,1610000000.0,127000000.0,10000000.0,0.04,0.04,0.15,13039000000.0,2205000000.0,1038000000.0,881000000.0,4736000000.0,7000000.0,98000000.0,-691000000.0
WY,2011-09-30,False,Q3,2011,10-Q,1569000000.0,100000000.0,157000000.0,0.29,0.29,0.15,12835000000.0,2091000000.0,988000000.0,971000000.0,4799000000.0,144000000.0,188000000.0,-828000000.0
WY,2011-12-31,False,FY,2011,10-K,6216000000.0,594000000.0,331000000.0,0.62,0.61,0.6,12598000000.0,2065000000.0,941000000.0,953000000.0,4267000000.0,291000000.0,122000000.0,-927000000.0
WY,2012-03-31,False,Q1,2012,10-Q,1494000000.0,101000000.0,41000000.0,0.08,0.08,0.15,12474000000.0,1939000000.0,1046000000.0,728000000.0,4205000000.0,-60000000.0,-57000000.0,-108000000.0
WY,2012-06-30,False,Q2,2012,10-Q,1793000000.0,176000000.0,84000000.0,0.16,0.16,0.15,12475000000.0,2024000000.0,1120000000.0,861000000.0,4197000000.0,207000000.0,-115000000.0,-184000000.0
WY,2012-09-30,False,Q3,2012,10-Q,1772000000.0,202000000.0,117000000.0,0.22,0.22,0.15,12338000000.0,1915000000.0,1254000000.0,608000000.0,4353000000.0,329000000.0,-281000000.0,-393000000.0
WY,2012-12-31,False,FY,2012,10-K,7059000000.0,735000000.0,385000000.0,0.71,0.71,0.62,12592000000.0,2135000000.0,1230000000.0,898000000.0,4113000000.0,581000000.0,-192000000.0,-444000000.0
WY,2013-03-31,False,Q1,2013,10-Q,1951000000.0,256000000.0,144000000.0,0.26,0.26,0.17,12510000000.0,2202000000.0,1072000000.0,639000000.0,4276000000.0,-61000000.0,-42000000.0,-156000000.0
WY,2013-06-30,False,Q2,2013,10-Q,2141000000.0,311000000.0,196000000.0,0.35,0.35,0.2,13908000000.0,2341000000.0,1079000000.0,2362000000.0,5906000000.0,313000000.0,-71000000.0,1222000000.0
WY,2013-09-30,False,Q3,2013,10-Q,2181000000.0,277000000.0,157000000.0,0.27,0.27,0.22,15609000000.0,2275000000.0,987000000.0,1397000000.0,6117000000.0,656000000.0,-1718000000.0,1561000000.0
WY,2013-12-31,False,FY,2013,10-K,8529000000.0,747000000.0,540000000.0,0.95,0.95,0.81,14498000000.0,2326000000.0,1128000000.0,835000000.0,6832000000.0,1004000000.0,-1829000000.0,762000000.0
WY,2014-03-31,False,Q1,2014,10-Q,1984000000.0,324000000.0,183000000.0,0.31,0.31,0.0,14505000000.0,2315000000.0,1072000000.0,780000000.0,6885000000.0,109000000.0,-46000000.0,-118000000.0
WY,2014-06-30,False,Q2,2014,10-Q,1964000000.0,400000000.0,280000000.0,0.48,0.47,0.0,15706000000.0,3290000000.0,1069000000.0,845000000.0,7143000000.0,431000000.0,-139000000.0,-219000000.0
WY,2014-09-30,False,Q3,2014,10-Q,1915000000.0,318000000.0,1153000000.0,2.17,2.15,0.29,13440000000.0,3012000000.0,957000000.0,1620000000.0,5856000000.0,784000000.0,485000000.0,-484000000.0
WY,2014-12-31,False,FY,2014,10-K,7403000000.0,1320000000.0,1782000000.0,3.2,3.18,1.02,13457000000.0,3033000000.0,918000000.0,1580000000.0,5304000000.0,1088000000.0,361000000.0,-704000000.0
WY,2015-03-31,False,Q1,2015,10-Q,1721000000.0,200000000.0,90000000.0,0.17,0.17,0.29,13009000000.0,2652000000.0,852000000.0,1158000000.0,5027000000.0,77000000.0,-119000000.0,-380000000.0
WY,2015-06-30,False,Q2,2015,10-Q,1807000000.0,243000000.0,133000000.0,0.26,0.26,0.29,12883000000.0,2517000000.0,919000000.0,1121000000.0,4925000000.0,443000000.0,-211000000.0,-691000000.0
WY,2015-09-30,False,Q3,2015,10-Q,1820000000.0,259000000.0,180000000.0,0.35,0.35,0.31,12820000000.0,2502000000.0,898000000.0,1048000000.0,4878000000.0,725000000.0,-324000000.0,-933000000.0
WY,2015-12-31,False,FY,2015,10-K,7082000000.0,919000000.0,462000000.0,0.89,0.89,1.2,12486000000.0,2174000000.0,875000000.0,1012000000.0,4869000000.0,1064000000.0,-487000000.0,-1145000000.0
WY,2016-03-31,False,Q1,2016,10-Q,1835000000.0,186000000.0,70000000.0,0.11,0.11,0.31,15447000000.0,1830000000.0,984000000.0,415000000.0,10281000000.0,47000000.0,24000000.0,-668000000.0
WY,2016-06-30,False,Q2,2016,10-Q,1655000000.0,258000000.0,157000000.0,0.21,0.21,0.31,21989000000.0,3328000000.0,1557000000.0,485000000.0,9430000000.0,539000000.0,374000000.0,-1433000000.0
WY,2016-09-30,False,Q3,2016,10-Q,1709000000.0,274000000.0,227000000.0,0.3,0.3,0.31,20946000000.0,3356000000.0,3327000000.0,769000000.0,9190000000.0,886000000.0,591000000.0,-1710000000.0
WY,2016-12-31,False,FY,2016,10-K,6365000000.0,870000000.0,1005000000.0,1.4,1.39,1.24,19243000000.0,1622000000.0,1206000000.0,676000000.0,9180000000.0,735000000.0,2559000000.0,-3630000000.0
WY,2017-03-31,False,Q1,2017,10-Q,1693000000.0,293000000.0,157000000.0,0.21,0.21,0.31,19001000000.0,1465000000.0,1022000000.0,455000000.0,9215000000.0,35000000.0,-68000000.0,-188000000.0
WY,2017-06-30,False,Q2,2017,10-Q,1808000000.0,157000000.0,24000000.0,0.03,0.03,0.31,18990000000.0,2088000000.0,1524000000.0,701000000.0,9090000000.0,524000000.0,-106000000.0,-393000000.0
WY,2017-09-30,False,Q3,2017,10-Q,1872000000.0,205000000.0,130000000.0,0.17,0.17,0.31,18402000000.0,1517000000.0,1023000000.0,497000000.0,9045000000.0,847000000.0,192000000.0,-1218000000.0
