symbol,end_date,amend,period_focus,fiscal_year,doc_type,revenues,op_income,net_income,eps_basic,eps_diluted,dividend,assets,cur_assets,cur_liab,cash,equity,cash_flow_op,cash_flow_inv,cash_flow_fin
WYN,2017-09-30,False,Q3,2017,10-Q,1629000000.0,334000000.0,203000000.0,1.98,1.97,0.58,10261000000.0,2039000000.0,2121000000.0,289000000.0,630000000.0,666000000.0,-171000000.0,-404000000.0
WYN,2010-12-31,False,FY,2010,10-K,3851000000.0,718000000.0,379000000.0,2.13,2.05,0.0,9416000000.0,1752000000.0,1575000000.0,156000000.0,2917000000.0,635000000.0,-418000000.0,-219000000.0
WYN,2010-06-30,False,Q2,2010,10-Q,963000000.0,172000000.0,95000000.0,0.53,0.51,0.0,9219000000.0,1728000000.0,1852000000.0,239000000.0,2710000000.0,557000000.0,-183000000.0,-283000000.0
WYN,2010-09-30,False,Q3,2010,10-Q,1065000000.0,279000000.0,156000000.0,0.88,0.84,0.0,9213000000.0,1602000000.0,1521000000.0,170000000.0,2911000000.0,528000000.0,-260000000.0,-255000000.0
WYN,2011-12-31,False,FY,2011,10-K,4254000000.0,767000000.0,417000000.0,2.57,2.51,0.6,9023000000.0,1730000000.0,1563000000.0,142000000.0,2232000000.0,1003000000.0,-256000000.0,-753000000.0
WYN,2011-09-30,False,Q3,2011,10-Q,1212000000.0,284000000.0,175000000.0,1.1,1.08,0.15,9022000000.0,1674000000.0,1536000000.0,175000000.0,2419000000.0,860000000.0,-159000000.0,-674000000.0
WYN,2011-03-31,False,Q1,2011,10-Q,952000000.0,152000000.0,72000000.0,0.42,0.41,0.15,9457000000.0,1993000000.0,1775000000.0,174000000.0,2707000000.0,229000000.0,-57000000.0,-157000000.0
WYN,2014-06-30,False,Q2,2014,10-Q,1343000000.0,266000000.0,153000000.0,1.21,1.2,0.35,9857000000.0,2054000000.0,2167000000.0,247000000.0,1487000000.0,793000000.0,-160000000.0,-586000000.0
WYN,2014-03-31,False,Q1,2014,10-Q,1193000000.0,171000000.0,90000000.0,0.7,0.69,0.35,10022000000.0,2239000000.0,2135000000.0,203000000.0,1524000000.0,315000000.0,-88000000.0,-219000000.0
WYN,2013-12-31,False,FY,2013,10-K,5009000000.0,910000000.0,432000000.0,3.25,3.21,1.16,9741000000.0,1940000000.0,1790000000.0,194000000.0,1625000000.0,1008000000.0,-401000000.0,-605000000.0
WYN,2013-09-30,False,Q3,2013,10-Q,1427000000.0,323000000.0,187000000.0,1.42,1.4,0.29,9666000000.0,1864000000.0,1680000000.0,269000000.0,1682000000.0,858000000.0,-317000000.0,-464000000.0
WYN,2013-06-30,False,Q2,2013,10-Q,1253000000.0,241000000.0,133000000.0,0.99,0.98,0.29,9849000000.0,2095000000.0,1978000000.0,342000000.0,1642000000.0,758000000.0,-305000000.0,-294000000.0
WYN,2013-03-31,False,Q1,2013,10-Q,1133000000.0,181000000.0,27000000.0,0.19,0.19,0.29,9892000000.0,2141000000.0,2089000000.0,217000000.0,1744000000.0,274000000.0,-253000000.0,7000000.0
WYN,2012-12-31,False,FY,2012,10-K,4534000000.0,852000000.0,400000000.0,2.8,2.75,0.92,9463000000.0,1866000000.0,1931000000.0,195000000.0,1931000000.0,1004000000.0,-519000000.0,-431000000.0
WYN,2013-03-31,False,Q1,2013,10-Q,1133000000.0,181000000.0,27000000.0,0.19,0.19,0.29,9892000000.0,2141000000.0,2089000000.0,217000000.0,1744000000.0,274000000.0,-253000000.0,7000000.0
WYN,2012-09-30,False,Q3,2012,10-Q,1265000000.0,288000000.0,159000000.0,1.13,1.11,0.23,9355000000.0,1829000000.0,1608000000.0,232000000.0,2019000000.0,808000000.0,-377000000.0,-340000000.0
WYN,2012-06-30,False,Q2,2012,10-Q,1139000000.0,231000000.0,128000000.0,0.89,0.88,0.23,9114000000.0,1935000000.0,1702000000.0,286000000.0,1996000000.0,647000000.0,-96000000.0,-404000000.0
WYN,2012-03-31,False,Q1,2012,10-Q,1036000000.0,178000000.0,32000000.0,0.22,0.21,0.23,9372000000.0,2115000000.0,1765000000.0,239000000.0,2124000000.0,228000000.0,-76000000.0,-58000000.0
WYN,2011-06-30,False,Q2,2011,10-Q,1090000000.0,230000000.0,114000000.0,0.68,0.67,0.15,9329000000.0,1903000000.0,1750000000.0,296000000.0,2614000000.0,696000000.0,-104000000.0,-457000000.0
WYN,2016-06-30,False,Q2,2016,10-Q,1403000000.0,271000000.0,156000000.0,1.4,1.39,0.5,9942000000.0,2127000000.0,2188000000.0,478000000.0,781000000.0,706000000.0,-140000000.0,-251000000.0
WYN,2016-03-31,False,Q1,2016,10-Q,1303000000.0,195000000.0,96000000.0,0.85,0.84,0.5,10165000000.0,2349000000.0,2256000000.0,318000000.0,840000000.0,261000000.0,-90000000.0,-27000000.0
WYN,2015-12-31,False,FY,2015,10-K,5536000000.0,1015000000.0,612000000.0,5.18,5.14,1.68,9716000000.0,1869000000.0,1957000000.0,171000000.0,953000000.0,991000000.0,-302000000.0,-675000000.0
WYN,2016-09-30,False,Q3,2016,10-Q,1573000000.0,336000000.0,196000000.0,1.79,1.78,0.5,9743000000.0,1843000000.0,1931000000.0,332000000.0,797000000.0,786000000.0,-172000000.0,-442000000.0
WYN,2015-06-30,False,Q2,2015,10-Q,1398000000.0,271000000.0,159000000.0,1.34,1.33,0.42,10024000000.0,2164000000.0,2163000000.0,410000000.0,1069000000.0,737000000.0,-233000000.0,-269000000.0
WYN,2015-03-31,False,Q1,2015,10-Q,1262000000.0,216000000.0,122000000.0,1.01,1.0,0.42,9898000000.0,2107000000.0,2086000000.0,180000000.0,1084000000.0,253000000.0,-149000000.0,-91000000.0
WYN,2014-12-31,False,FY,2014,10-K,5281000000.0,941000000.0,529000000.0,4.22,4.18,1.4,9679000000.0,1867000000.0,1859000000.0,183000000.0,1257000000.0,984000000.0,-276000000.0,-701000000.0
WYN,2014-09-30,False,Q3,2014,10-Q,1514000000.0,351000000.0,206000000.0,1.65,1.64,0.35,9557000000.0,1842000000.0,1811000000.0,252000000.0,1411000000.0,899000000.0,-185000000.0,-648000000.0
WYN,2015-09-30,False,Q3,2015,10-Q,1564000000.0,320000000.0,190000000.0,1.62,1.61,0.42,9707000000.0,1843000000.0,1901000000.0,259000000.0,1019000000.0,817000000.0,-244000000.0,-477000000.0
WYN,2017-06-30,False,Q2,2017,10-Q,1479000000.0,145000000.0,78000000.0,0.75,0.75,0.58,10348000000.0,2258000000.0,2384000000.0,415000000.0,592000000.0,663000000.0,-133000000.0,-309000000.0
WYN,2017-03-31,False,Q1,2017,10-Q,1319000000.0,201000000.0,141000000.0,1.34,1.33,0.58,10343000000.0,2302000000.0,2349000000.0,222000000.0,666000000.0,238000000.0,-79000000.0,-124000000.0
WYN,2016-12-31,False,FY,2016,10-K,5599000000.0,1057000000.0,611000000.0,5.56,5.53,2.0,9819000000.0,1812000000.0,2032000000.0,185000000.0,718000000.0,973000000.0,-353000000.0,-586000000.0
