symbol,end_date,amend,period_focus,fiscal_year,doc_type,revenues,op_income,net_income,eps_basic,eps_diluted,dividend,assets,cur_assets,cur_liab,cash,equity,cash_flow_op,cash_flow_inv,cash_flow_fin
XRX,2009-03-31,False,Q1,2009,10-Q,3554000000.0,,42000000.0,0.05,0.05,0.0,21040000000.0,7082000000.0,3852000000.0,549000000.0,6069000000.0,22000000.0,-207000000.0,-482000000.0
XRX,2009-06-30,False,Q2,2009,10-Q,3731000000.0,,140000000.0,0.16,0.16,0.0,22056000000.0,7638000000.0,4617000000.0,1221000000.0,6757000000.0,609000000.0,-36000000.0,82000000.0
XRX,2009-09-30,False,Q3,2009,10-Q,3675000000.0,,123000000.0,0.14,0.14,0.0,21753000000.0,7440000000.0,4430000000.0,1159000000.0,7031000000.0,610000000.0,-31000000.0,-654000000.0
XRX,2009-12-31,False,FY,2009,10-K,15179000000.0,,485000000.0,0.56,0.55,0.0,24032000000.0,9731000000.0,4461000000.0,3799000000.0,7191000000.0,2208000000.0,-343000000.0,692000000.0
XRX,2010-03-31,False,Q1,2010,10-Q,4721000000.0,,-42000000.0,-0.04,-0.04,0.0,30623000000.0,8780000000.0,5874000000.0,1010000000.0,11343000000.0,375000000.0,-1566000000.0,-1565000000.0
XRX,2010-06-30,False,Q2,2010,10-Q,5508000000.0,,227000000.0,0.16,0.16,0.0425,30014000000.0,8498000000.0,4692000000.0,1082000000.0,11335000000.0,678000000.0,-130000000.0,-457000000.0
XRX,2010-09-30,False,Q3,2010,10-Q,5428000000.0,,250000000.0,0.18,0.17,0.0425,30847000000.0,8897000000.0,6244000000.0,975000000.0,12056000000.0,366000000.0,-266000000.0,-231000000.0
XRX,2010-12-31,False,FY,2010,10-K,21633000000.0,,585000000.0,0.44,0.43,0.17,30600000000.0,8639000000.0,6417000000.0,1211000000.0,12159000000.0,2726000000.0,-2178000000.0,-3116000000.0
XRX,2011-03-31,False,Q1,2011,10-Q,5465000000.0,,275000000.0,0.2,0.19,0.0425,30859000000.0,9219000000.0,6116000000.0,1000000000.0,12664000000.0,-30000000.0,-153000000.0,-42000000.0
XRX,2011-06-30,False,Q2,2011,10-Q,5614000000.0,,313000000.0,0.22,0.22,0.0425,31095000000.0,8695000000.0,6638000000.0,1098000000.0,13141000000.0,347000000.0,-215000000.0,-39000000.0
XRX,2011-09-30,False,Q3,2011,10-Q,5583000000.0,,314000000.0,0.23,0.22,0.0425,30541000000.0,8481000000.0,6652000000.0,785000000.0,12920000000.0,366000000.0,-167000000.0,-492000000.0
XRX,2011-12-31,False,FY,2011,10-K,22600000000.0,,1295000000.0,0.92,0.9,0.17,30116000000.0,7912000000.0,6381000000.0,902000000.0,12025000000.0,1961000000.0,-675000000.0,-1586000000.0
XRX,2012-03-31,False,Q1,2012,10-Q,5503000000.0,,263000000.0,0.2,0.19,0.0425,31151000000.0,8882000000.0,5795000000.0,1514000000.0,12391000000.0,-15000000.0,-214000000.0,835000000.0
XRX,2012-06-30,False,Q2,2012,10-Q,5541000000.0,,303000000.0,0.23,0.22,0.0425,29841000000.0,8012000000.0,5382000000.0,814000000.0,12146000000.0,228000000.0,-98000000.0,-827000000.0
XRX,2012-09-30,False,Q3,2012,10-Q,5423000000.0,,276000000.0,0.21,0.21,0.0425,30239000000.0,8386000000.0,6213000000.0,882000000.0,12366000000.0,594000000.0,-289000000.0,-230000000.0
XRX,2012-12-31,False,FY,2012,10-K,22400000000.0,,1195000000.0,0.9,0.88,0.17,30015000000.0,8273000000.0,5910000000.0,1246000000.0,11664000000.0,2580000000.0,-761000000.0,-1472000000.0
XRX,2013-03-31,False,Q1,2013,10-Q,5356000000.0,,290000000.0,0.24,0.23,0.0575,29565000000.0,8260000000.0,5627000000.0,993000000.0,11646000000.0,-87000000.0,-153000000.0,-1000000.0
XRX,2013-06-30,False,Q2,2013,10-Q,5402000000.0,2000000.0,271000000.0,0.22,0.21,0.0575,29327000000.0,8212000000.0,6305000000.0,929000000.0,11874000000.0,533000000.0,-167000000.0,-427000000.0
XRX,2013-09-30,False,Q3,2013,10-Q,5262000000.0,,286000000.0,0.23,0.22,0.0575,29016000000.0,8070000000.0,5646000000.0,948000000.0,12180000000.0,961000000.0,-82000000.0,-871000000.0
XRX,2013-12-31,False,FY,2013,10-K,20952000000.0,3000000.0,1185000000.0,0.93,0.91,0.23,29036000000.0,8511000000.0,5686000000.0,1764000000.0,12419000000.0,2375000000.0,-452000000.0,-1402000000.0
XRX,2014-03-31,False,Q1,2014,10-Q,5121000000.0,,281000000.0,0.23,0.23,0.0625,28868000000.0,8462000000.0,6600000000.0,1567000000.0,12336000000.0,286000000.0,-120000000.0,-349000000.0
XRX,2014-06-30,False,Q2,2014,10-Q,5292000000.0,,266000000.0,0.22,0.22,0.0625,28508000000.0,7979000000.0,5690000000.0,1007000000.0,12405000000.0,325000000.0,-326000000.0,-561000000.0
XRX,2014-09-30,False,Q3,2014,10-Q,5120000000.0,,266000000.0,0.23,0.22,0.0625,27877000000.0,7882000000.0,5703000000.0,1015000000.0,11908000000.0,595000000.0,-128000000.0,-417000000.0
XRX,2014-12-31,False,FY,2014,10-K,19153000000.0,73000000.0,969000000.0,0.82,0.81,0.25,27658000000.0,8874000000.0,6076000000.0,1411000000.0,10709000000.0,2063000000.0,-703000000.0,-1624000000.0
XRX,2015-03-31,False,Q1,2015,10-Q,4469000000.0,,225000000.0,0.2,0.19,0.07,26657000000.0,8358000000.0,5731000000.0,872000000.0,10246000000.0,113000000.0,-98000000.0,-485000000.0
XRX,2015-06-30,False,Q2,2015,10-Q,4590000000.0,,12000000.0,0.01,0.01,0.07,26016000000.0,7832000000.0,5730000000.0,1641000000.0,10097000000.0,349000000.0,831000000.0,-423000000.0
XRX,2015-09-30,False,Q3,2015,10-Q,4333000000.0,,-34000000.0,-0.04,-0.04,0.07,24946000000.0,6999000000.0,5382000000.0,804000000.0,9157000000.0,271000000.0,-206000000.0,-888000000.0
XRX,2015-12-31,False,FY,2015,10-K,17699000000.0,104000000.0,474000000.0,0.42,0.42,0.28,24817000000.0,6685000000.0,5254000000.0,1368000000.0,9117000000.0,1611000000.0,508000000.0,-2074000000.0
XRX,2016-03-31,False,Q1,2016,10-Q,4281000000.0,,34000000.0,0.03,0.03,0.0775,24857000000.0,6808000000.0,6146000000.0,1189000000.0,9163000000.0,-25000000.0,-125000000.0,-42000000.0
XRX,2016-06-30,False,Q2,2016,10-Q,4385000000.0,,155000000.0,0.15,0.15,0.0775,24641000000.0,6851000000.0,5895000000.0,1203000000.0,9216000000.0,177000000.0,-67000000.0,-87000000.0
XRX,2016-09-30,False,Q3,2016,10-Q,4212000000.0,,181000000.0,0.17,0.17,0.0775,24642000000.0,7007000000.0,5782000000.0,1423000000.0,9294000000.0,370000000.0,-69000000.0,-84000000.0
XRX,2016-12-31,False,FY,2016,10-K,10446000000.0,-1343000000.0,-477000000.0,-0.49,-0.49,0.31,18145000000.0,6992000000.0,4654000000.0,2223000000.0,4841000000.0,1095000000.0,-397000000.0,584000000.0
XRX,2017-03-31,False,Q1,2017,10-Q,2454000000.0,,16000000.0,0.01,0.01,0.0625,15916000000.0,4715000000.0,2624000000.0,1045000000.0,4966000000.0,110000000.0,-35000000.0,-1258000000.0
XRX,2017-06-30,False,Q2,2017,10-Q,2567000000.0,,166000000.0,0.64,0.63,0.25,16167000000.0,4978000000.0,3414000000.0,1246000000.0,5158000000.0,328000000.0,-77000000.0,-80000000.0
XRX,2017-09-30,False,Q3,2017,10-Q,2497000000.0,,179000000.0,0.69,0.68,0.25,16817000000.0,5629000000.0,3452000000.0,1781000000.0,5390000000.0,-385000000.0,-4000000.0,908000000.0
