symbol,end_date,amend,period_focus,fiscal_year,doc_type,revenues,op_income,net_income,eps_basic,eps_diluted,dividend,assets,cur_assets,cur_liab,cash,equity,cash_flow_op,cash_flow_inv,cash_flow_fin
XYL,2017-09-30,False,Q3,2017,10-Q,1195000000.0,152000000.0,105000000.0,0.58,0.58,0.18,6783000000.0,1995000000.0,1136000000.0,283000000.0,2480000000.0,379000000.0,-122000000.0,-299000000.0
XYL,2011-09-30,False,Q3,2011,10-Q,939000000.0,79000000.0,77000000.0,,,0.0,4151000000.0,1480000000.0,669000000.0,184000000.0,1951000000.0,252000000.0,-377000000.0,182000000.0
XYL,2011-12-31,False,FY,2011,10-K,3803000000.0,395000000.0,279000000.0,1.51,1.5,0.1012,4393000000.0,1642000000.0,817000000.0,318000000.0,1827000000.0,449000000.0,-423000000.0,172000000.0
XYL,2013-06-30,False,Q2,2013,10-Q,960000000.0,70000000.0,46000000.0,0.25,0.25,0.1164,4611000000.0,1779000000.0,736000000.0,360000000.0,2052000000.0,62000000.0,-138000000.0,-60000000.0
XYL,2013-03-31,False,Q1,2013,10-Q,879000000.0,66000000.0,41000000.0,0.22,0.22,0.1164,4589000000.0,1757000000.0,721000000.0,375000000.0,2040000000.0,20000000.0,-105000000.0,-36000000.0
XYL,2012-12-31,False,FY,2012,10-K,3791000000.0,443000000.0,297000000.0,1.6,1.59,0.4048,4679000000.0,1874000000.0,781000000.0,504000000.0,2074000000.0,396000000.0,-147000000.0,-74000000.0
XYL,2012-03-31,False,Q1,2012,10-Q,925000000.0,99000000.0,63000000.0,0.34,0.34,0.1012,4513000000.0,1735000000.0,819000000.0,347000000.0,1949000000.0,61000000.0,-29000000.0,-10000000.0
XYL,2012-09-30,False,Q3,2012,10-Q,931000000.0,111000000.0,72000000.0,0.39,0.38,0.1012,4596000000.0,1834000000.0,785000000.0,424000000.0,2054000000.0,230000000.0,-89000000.0,-41000000.0
XYL,2012-09-30,False,Q3,2012,10-Q,931000000.0,111000000.0,72000000.0,0.39,0.38,0.1012,4596000000.0,1834000000.0,785000000.0,424000000.0,2054000000.0,230000000.0,-89000000.0,-41000000.0
XYL,2012-06-30,False,Q2,2012,10-Q,966000000.0,129000000.0,89000000.0,0.48,0.48,0.1012,4482000000.0,1749000000.0,779000000.0,358000000.0,1948000000.0,125000000.0,-53000000.0,-31000000.0
XYL,2017-06-30,False,Q2,2017,10-Q,1164000000.0,139000000.0,99000000.0,0.55,0.55,0.18,6707000000.0,1961000000.0,1200000000.0,288000000.0,2382000000.0,151000000.0,-69000000.0,-115000000.0
XYL,2016-06-30,False,Q2,2016,10-Q,932000000.0,109000000.0,71000000.0,0.39,0.39,0.1549,4694000000.0,2007000000.0,820000000.0,586000000.0,2174000000.0,125000000.0,-127000000.0,-98000000.0
XYL,2016-03-31,False,Q1,2016,10-Q,847000000.0,79000000.0,66000000.0,0.37,0.37,0.1549,5304000000.0,2575000000.0,1432000000.0,1193000000.0,2159000000.0,41000000.0,-105000000.0,559000000.0
XYL,2015-12-31,False,FY,2015,10-K,3653000000.0,449000000.0,340000000.0,1.88,1.87,0.005632,4657000000.0,2005000000.0,823000000.0,680000000.0,2084000000.0,464000000.0,-132000000.0,-262000000.0
XYL,2015-09-30,False,Q3,2015,10-Q,902000000.0,120000000.0,88000000.0,0.48,0.48,0.1408,4645000000.0,2017000000.0,815000000.0,611000000.0,2043000000.0,260000000.0,-74000000.0,-194000000.0
XYL,2015-06-30,False,Q2,2015,10-Q,920000000.0,104000000.0,74000000.0,0.41,0.41,0.1408,4719000000.0,2056000000.0,837000000.0,600000000.0,2080000000.0,123000000.0,-53000000.0,-96000000.0
XYL,2015-03-31,False,Q1,2015,10-Q,837000000.0,83000000.0,64000000.0,0.35,0.35,0.1408,4620000000.0,1973000000.0,833000000.0,554000000.0,1989000000.0,39000000.0,-36000000.0,-71000000.0
XYL,2014-12-31,False,FY,2014,10-K,3916000000.0,463000000.0,337000000.0,1.84,1.83,0.00512,4864000000.0,2102000000.0,908000000.0,663000000.0,2127000000.0,416000000.0,-86000000.0,-147000000.0
XYL,2013-09-30,False,Q3,2013,10-Q,965000000.0,98000000.0,73000000.0,0.39,0.39,0.1164,4784000000.0,1899000000.0,802000000.0,394000000.0,2158000000.0,163000000.0,-165000000.0,-109000000.0
XYL,2014-09-30,False,Q3,2014,10-Q,963000000.0,130000000.0,106000000.0,0.58,0.58,0.128,4814000000.0,2025000000.0,850000000.0,529000000.0,2193000000.0,253000000.0,-45000000.0,-182000000.0
XYL,2014-06-30,False,Q2,2014,10-Q,1005000000.0,116000000.0,86000000.0,0.47,0.47,0.128,4900000000.0,2016000000.0,846000000.0,450000000.0,2245000000.0,98000000.0,-47000000.0,-130000000.0
XYL,2014-03-31,False,Q1,2014,10-Q,906000000.0,76000000.0,49000000.0,0.27,0.27,0.128,4887000000.0,1991000000.0,857000000.0,466000000.0,2229000000.0,22000000.0,-24000000.0,-62000000.0
XYL,2013-12-31,False,FY,2013,10-K,3837000000.0,363000000.0,228000000.0,1.23,1.22,0.4656,4896000000.0,2009000000.0,853000000.0,533000000.0,2241000000.0,324000000.0,-199000000.0,-100000000.0
