symbol,end_date,amend,period_focus,fiscal_year,doc_type,revenues,op_income,net_income,eps_basic,eps_diluted,dividend,assets,cur_assets,cur_liab,cash,equity,cash_flow_op,cash_flow_inv,cash_flow_fin
YUM,2009-09-05,False,Q3,2009,10-Q,2778000000.0,470000000.0,334000000.0,0.71,0.69,0.0,7121000000.0,1206000000.0,1534000000.0,424000000.0,989000000.0,1135000000.0,-505000000.0,-439000000.0
YUM,2009-12-26,False,FY,2009,10-K,10836000000.0,1590000000.0,1071000000.0,2.28,2.22,0.8,7148000000.0,1208000000.0,1653000000.0,353000000.0,1114000000.0,1404000000.0,-727000000.0,-542000000.0
YUM,2010-03-20,False,Q1,2010,10-Q,2345000000.0,364000000.0,241000000.0,0.51,0.5,0.21,7141000000.0,1404000000.0,1596000000.0,444000000.0,1117000000.0,392000000.0,-116000000.0,-190000000.0
YUM,2010-06-12,False,Q2,2010,10-Q,2574000000.0,421000000.0,286000000.0,0.61,0.59,0.21,7145000000.0,1464000000.0,2213000000.0,530000000.0,1226000000.0,833000000.0,-239000000.0,-412000000.0
YUM,2010-09-04,False,Q3,2010,10-Q,2862000000.0,544000000.0,357000000.0,0.76,0.74,0.0,8088000000.0,2175000000.0,2301000000.0,1274000000.0,1643000000.0,1497000000.0,-435000000.0,-151000000.0
YUM,2010-12-25,False,FY,2010,10-K,11343000000.0,1769000000.0,1158000000.0,2.44,2.38,0.92,8316000000.0,2313000000.0,2448000000.0,1426000000.0,1669000000.0,1968000000.0,-579000000.0,-337000000.0
YUM,2011-03-19,False,Q1,2011,10-Q,2425000000.0,401000000.0,264000000.0,0.56,0.54,0.0,8426000000.0,2436000000.0,2288000000.0,1529000000.0,1859000000.0,508000000.0,-156000000.0,-261000000.0
YUM,2011-06-11,False,Q2,2011,10-Q,2816000000.0,419000000.0,316000000.0,0.67,0.65,0.5,8207000000.0,1841000000.0,1711000000.0,955000000.0,1888000000.0,923000000.0,-579000000.0,-840000000.0
YUM,2011-09-03,False,Q3,2011,10-Q,3274000000.0,488000000.0,383000000.0,0.82,0.8,0.0,8549000000.0,2351000000.0,2267000000.0,1236000000.0,2083000000.0,1703000000.0,-740000000.0,-1195000000.0
YUM,2011-12-31,False,FY,2011,10-K,12626000000.0,1815000000.0,1319000000.0,2.81,2.74,1.07,8834000000.0,2321000000.0,2450000000.0,1198000000.0,1916000000.0,2170000000.0,-1006000000.0,-1413000000.0
YUM,2012-03-24,False,Q1,2012,10-Q,2743000000.0,645000000.0,458000000.0,0.99,0.96,0.285,9343000000.0,2425000000.0,2391000000.0,1099000000.0,2279000000.0,484000000.0,-402000000.0,-188000000.0
YUM,2012-06-16,False,Q2,2012,10-Q,3168000000.0,473000000.0,331000000.0,0.71,0.69,0.285,9177000000.0,2231000000.0,2313000000.0,984000000.0,2227000000.0,924000000.0,-596000000.0,-539000000.0
YUM,2012-09-08,False,Q3,2012,10-Q,3569000000.0,671000000.0,471000000.0,1.02,1.0,0.0,8974000000.0,2079000000.0,2057000000.0,942000000.0,2294000000.0,1818000000.0,-747000000.0,-1322000000.0
YUM,2012-12-29,False,FY,2012,10-K,13633000000.0,2294000000.0,1597000000.0,3.46,3.38,1.24,9011000000.0,1909000000.0,2188000000.0,776000000.0,2253000000.0,2294000000.0,-1005000000.0,-1716000000.0
YUM,2013-03-23,False,Q1,2013,10-Q,2535000000.0,487000000.0,337000000.0,0.74,0.72,0.335,8945000000.0,1898000000.0,2089000000.0,762000000.0,2358000000.0,401000000.0,-153000000.0,-259000000.0
YUM,2013-06-15,False,Q2,2013,10-Q,2904000000.0,390000000.0,281000000.0,0.62,0.61,0.335,8764000000.0,1605000000.0,1990000000.0,500000000.0,2285000000.0,729000000.0,-410000000.0,-587000000.0
YUM,2013-09-07,False,Q3,2013,10-Q,3466000000.0,350000000.0,152000000.0,0.34,0.33,0.0,8730000000.0,1830000000.0,1989000000.0,753000000.0,2260000000.0,1553000000.0,-587000000.0,-975000000.0
YUM,2013-12-28,False,FY,2013,10-K,13084000000.0,1798000000.0,1091000000.0,2.41,2.36,1.41,8695000000.0,1691000000.0,2265000000.0,573000000.0,2229000000.0,2139000000.0,-886000000.0,-1451000000.0
YUM,2014-03-22,False,Q1,2014,10-Q,2724000000.0,571000000.0,399000000.0,0.89,0.87,0.37,8705000000.0,1809000000.0,2150000000.0,734000000.0,2335000000.0,570000000.0,-168000000.0,-237000000.0
YUM,2014-06-14,False,Q2,2014,10-Q,3204000000.0,479000000.0,334000000.0,0.75,0.73,0.37,8810000000.0,1882000000.0,2153000000.0,597000000.0,2326000000.0,1084000000.0,-614000000.0,-433000000.0
YUM,2014-09-06,False,Q3,2014,10-Q,3354000000.0,550000000.0,404000000.0,0.91,0.89,0.0,9177000000.0,2070000000.0,2112000000.0,685000000.0,2568000000.0,1612000000.0,-920000000.0,-586000000.0
YUM,2014-12-27,False,FY,2014,10-K,13279000000.0,1557000000.0,1051000000.0,2.37,2.32,1.56,8345000000.0,1646000000.0,2411000000.0,578000000.0,1604000000.0,2049000000.0,-936000000.0,-1114000000.0
YUM,2015-03-21,False,Q1,2015,10-Q,2622000000.0,506000000.0,362000000.0,0.83,0.81,0.0,8305000000.0,1783000000.0,2290000000.0,675000000.0,1763000000.0,516000000.0,-196000000.0,-246000000.0
YUM,2015-06-13,False,Q2,2015,10-Q,3105000000.0,371000000.0,235000000.0,0.54,0.53,0.82,8294000000.0,1729000000.0,2689000000.0,636000000.0,1625000000.0,947000000.0,-352000000.0,-576000000.0
YUM,2015-09-05,False,Q3,2015,10-Q,3427000000.0,-53000000.0,421000000.0,0.97,0.95,0.0,8306000000.0,1919000000.0,2642000000.0,861000000.0,1885000000.0,1817000000.0,-522000000.0,-1019000000.0
YUM,2015-12-26,False,FY,2015,10-K,13105000000.0,1921000000.0,1293000000.0,2.97,2.92,1.74,8075000000.0,1688000000.0,3088000000.0,737000000.0,969000000.0,2139000000.0,-682000000.0,-1292000000.0
YUM,2016-03-19,False,Q1,2016,10-Q,2619000000.0,-57000000.0,391000000.0,0.94,0.93,0.46,8221000000.0,1963000000.0,4648000000.0,934000000.0,210000000.0,659000000.0,-201000000.0,-243000000.0
YUM,2016-06-11,False,Q2,2016,10-Q,3008000000.0,-76000000.0,339000000.0,0.82,0.81,0.46,8184000000.0,1879000000.0,2279000000.0,795000000.0,-331000000.0,896000000.0,-288000000.0,-538000000.0
