symbol,end_date,amend,period_focus,fiscal_year,doc_type,revenues,op_income,net_income,eps_basic,eps_diluted,dividend,assets,cur_assets,cur_liab,cash,equity,cash_flow_op,cash_flow_inv,cash_flow_fin
ZBH,2015-09-30,False,Q3,2015,10-Q,1762200000.0,116000000.0,22200000.0,0.11,0.11,0.22,26689100000.0,6394700000.0,1786500000.0,1466900000.0,9993300000.0,429600000.0,-7679400000.0,7655600000.0
ZBH,2015-12-31,False,FY,2015,10-K,3447200000.0,467300000.0,147000000.0,0.78,0.77,0.88,27219500000.0,5862900000.0,1617900000.0,1459300000.0,9889400000.0,816700000.0,-7557900000.0,7139800000.0
ZBH,2016-03-31,False,Q1,2016,10-Q,1904000000.0,245500000.0,105900000.0,0.53,0.52,0.24,26297300000.0,5082000000.0,1514600000.0,996800000.0,9661000000.0,265200000.0,95800000.0,-825300000.0
ZBH,2016-06-30,False,Q2,2016,10-Q,1934000000.0,201600000.0,-31300000.0,-0.16,-0.16,0.24,25971300000.0,5050600000.0,2101200000.0,976300000.0,9549300000.0,652400000.0,-170400000.0,-953300000.0
ZBH,2016-09-30,False,Q3,2016,10-Q,1832800000.0,195500000.0,158800000.0,0.79,0.78,0.24,27036500000.0,4698100000.0,2312100000.0,475300000.0,9746200000.0,1005000000.0,-1544700000.0,-434100000.0
ZBH,2016-12-31,False,FY,2016,10-K,4541300000.0,825900000.0,305900000.0,1.53,1.51,0.96,26684400000.0,4663600000.0,2381500000.0,634100000.0,9669900000.0,1632200000.0,-1691500000.0,-743200000.0
ZBH,2017-03-31,False,Q1,2017,10-Q,1977300000.0,350400000.0,299400000.0,1.49,1.47,0.24,26987800000.0,5079900000.0,2656100000.0,1039500000.0,9934200000.0,275400000.0,-133100000.0,256100000.0
ZBH,2017-06-30,False,Q2,2017,10-Q,1954400000.0,282300000.0,184200000.0,0.91,0.9,0.24,26459200000.0,4424100000.0,2996400000.0,450000000.0,10279500000.0,715900000.0,-262100000.0,-656900000.0
ZBH,2017-09-30,False,Q3,2017,10-Q,1818100000.0,213400000.0,98800000.0,0.49,0.48,0.24,26417500000.0,4433300000.0,3010200000.0,480800000.0,10450200000.0,1179400000.0,-382600000.0,-977600000.0
ZMH,2009-06-30,False,Q2,2009,10-Q,1019900000.0,296499999.9999999,210099999.99999988,0.98,0.98,0.0,7462100000.000001,2328700000.0000005,669200000.0,277500000.0,5805600000.0,379700000.0000002,-174300000.00000003,-142000000.00000003
ZMH,2009-09-30,False,Q3,2009,10-Q,975600000.0,204000000.0,149900000.0,0.7,0.7,0.0,7648100000.0,2448800000.0,676700000.0,439700000.0,5978700000.0,732000000.0,-247900000.0,-264300000.0
ZMH,2009-12-31,False,FY,2009,10-K,4095400000.0,1018800000.0,717400000.0,3.34,3.32,0.0,7785500000.0,2738000000.0,690700000.0,691700000.0,5638700000.0,1117500000.0,-381200000.0,-262100000.0
ZMH,2010-03-31,False,Q1,2010,10-Q,1062800000.0,294100000.0,205400000.0,1.01,1.01,0.0,7822000000.0,2873800000.0,655200000.0,821200000.0,5713900000.0,259500000.0,-37800000.0,-87900000.0
ZMH,2010-06-30,False,Q2,2010,10-Q,1057700000.0,228100000.0,165500000.0,0.82,0.82,0.0,7827300000.0,2982800000.0,601800000.0,953700000.0,5734500000.0,532200000.0,-91900000.0,-169800000.0
ZMH,2010-09-30,False,Q3,2010,10-Q,965000000.0,271600000.0,191100000.0,0.96,0.96,0.0,8003700000.0,3007300000.0,698600000.0,918600000.0,5821900000.0,852500000.0,-235400000.0,-390600000.0
ZMH,2010-12-31,False,FY,2010,10-K,4220200000.0,916700000.0,596900000.0,2.98,2.97,0.0,7999900000.0,3009700000.0,702500000.0,668900000.0,5771300000.0,1193500000.0,-726900000.0,-489600000.0
ZMH,2011-03-31,False,Q1,2011,10-Q,1115600000.0,297200000.0,208900000.0,1.08,1.08,0.0,8117700000.0,3030700000.0,713400000.0,575600000.0,5864300000.0,182200000.0,-66900000.0,-216500000.0
ZMH,2011-06-30,False,Q2,2011,10-Q,1137400000.0,259100000.0,203800000.0,1.06,1.06,0.0,8249200000.0,3108300000.0,679000000.0,624100000.0,6015800000.0,433200000.0,-162500000.0,-324300000.0
ZMH,2011-09-30,False,Q3,2011,10-Q,1031500000.0,266600000.0,191500000.0,1.02,1.01,0.0,8198800000.0,3073300000.0,674600000.0,553000000.0,5608700000.0,783800000.0,-411100000.0,-493300000.0
ZMH,2011-12-31,False,FY,2011,10-K,4451800000.0,1024100000.0,760800000.0,4.05,4.03,0.18,8515300000.0,3276600000.0,867100000.0,768300000.0,5514800000.0,1176900000.0,-624400000.0,-455800000.0
ZMH,2012-03-31,False,Q1,2012,10-Q,1140700000.0,295600000.0,209600000.0,1.18,1.17,0.0,8603700000.0,3322500000.0,861800000.0,674000000.0,5661600000.0,207400000.0,-164200000.0,-129100000.0
ZMH,2012-06-30,False,Q2,2012,10-Q,1125000000.0,301900000.0,214500000.0,1.22,1.22,0.18,8616500000.0,3478300000.0,683100000.0,651000000.0,5712200000.0,438900000.0,-282100000.0,-262100000.0
ZMH,2012-09-30,False,Q3,2012,10-Q,1025500000.0,249400000.0,178100000.0,1.02,1.02,0.18,8784100000.0,3631900000.0,755500000.0,801500000.0,5830900000.0,783900000.0,-367500000.0,-378400000.0
ZMH,2012-12-31,False,FY,2012,10-K,4471700000.0,1047400000.0,755000000.0,4.32,4.29,0.54,9012400000.0,3708700000.0,866000000.0,884300000.0,5866300000.0,1151900000.0,-592100000.0,-436500000.0
ZMH,2013-03-31,False,Q1,2013,10-Q,1138900000.0,298200000.0,218600000.0,1.3,1.28,0.2,8744600000.0,3464000000.0,763300000.0,657000000.0,5712400000.0,180500000.0,53000000.0,-452500000.0
ZMH,2013-06-30,False,Q2,2013,10-Q,1169500000.0,210400000.0,152100000.0,0.9,0.89,0.2,9097400000.0,3591700000.0,804300000.0,709900000.0,5889600000.0,370200000.0,-121600000.0,-405400000.0
ZMH,2013-09-30,False,Q3,2013,10-Q,1074300000.0,211700000.0,154400000.0,0.91,0.9,0.2,9357400000.0,3837200000.0,804200000.0,917400000.0,6139000000.0,662900000.0,-272300000.0,-345100000.0
ZMH,2013-12-31,False,FY,2013,10-K,2418200000.0,1035600000.0,761000000.0,4.49,4.43,0.8,9580600000.0,4197700000.0,1031600000.0,1080600000.0,6300100000.0,963100000.0,-282500000.0,-467300000.0
ZMH,2014-03-31,False,Q1,2014,10-Q,1161500000.0,298400000.0,221500000.0,1.31,1.29,0.22,9380100000.0,4046700000.0,918700000.0,882700000.0,6237700000.0,188800000.0,-98400000.0,-290700000.0
ZMH,2014-06-30,False,Q2,2014,10-Q,1182900000.0,259300000.0,176500000.0,1.05,1.03,0.22,9638300000.0,4229800000.0,952900000.0,968700000.0,6452300000.0,442900000.0,-268700000.0,-291100000.0
ZMH,2014-09-30,False,Q3,2014,10-Q,1106000000.0,251200000.0,165500000.0,0.98,0.96,0.22,9670900000.0,4332700000.0,1093000000.0,967300000.0,6541400000.0,698600000.0,-498100000.0,-307000000.0
ZMH,2014-12-31,False,FY,2014,10-K,2397900000.0,1034700000.0,720100000.0,4.26,4.19,0.88,9634700000.0,4289000000.0,1038000000.0,1083300000.0,6522600000.0,1052800000.0,-469400000.0,-562400000.0
ZMH,2015-03-31,False,Q1,2015,10-Q,1134400000.0,274900000.0,177100000.0,1.04,1.02,0.22,17190100000.0,11917200000.0,908700000.0,8793500000.0,6583000000.0,91500000.0,67900000.0,7568600000.0
ZMH,2015-06-30,False,Q2,2015,10-Q,1167600000.0,-129500000.0,-158000000.0,-0.91,-0.91,0.22,27204000000.0,6751500000.0,2163100000.0,1424600000.0,10125900000.0,278300000.0,-7720700000.0,7799700000.0
